1000
(462, 152)
(417, 293)
(421, 144)
(497, 83)
(430, 206)
(291, 179)
(508, 223)
(496, 149)
(298, 248)
(509, 89)
(360, 227)
(402, 112)
(334, 233)
(483, 101)
(398, 275)
(287, 240)
(455, 104)
(403, 284)
(313, 279)
(503, 202)
(483, 128)
(453, 110)
(529, 114)
(539, 8)
(399, 262)
(418, 194)
(437, 185)
(425, 89)
(464, 147)
(356, 223)
(362, 145)
(520, 200)
(370, 270)
(374, 224)
(473, 146)
(439, 98)
(315, 280)
(463, 263)
(448, 254)
(363, 234)
(354, 194)
(499, 163)
(437, 289)
(439, 76)
(312, 190)
(505, 99)
(409, 83)
(445, 104)
(339, 250)
(424, 114)
(414, 270)
(298, 189)
(426, 313)
(508, 123)
(351, 254)
(359, 229)
(478, 167)
(390, 157)
(465, 86)
(505, 159)
(387, 181)
(455, 194)
(514, 63)
(541, 112)
(525, 135)
(333, 222)
(450, 118)
(381, 95)
(435, 155)
(308, 161)
(512, 134)
(529, 102)
(447, 139)
(491, 62)
(300, 156)
(421, 63)
(341, 144)
(445, 183)
(377, 123)
(495, 74)
(392, 178)
(305, 159)
(287, 203)
(352, 284)
(431, 183)
(485, 184)
(483, 215)
(380, 305)
(435, 79)
(493, 172)
(507, 68)
(353, 235)
(552, 106)
(458, 253)
(352, 167)
(345, 190)
(446, 133)
(424, 245)
(366, 204)
(326, 251)
(313, 164)
(395, 259)
(476, 184)
(455, 225)
(295, 234)
(412, 317)
(376, 112)
(482, 215)
(310, 281)
(438, 285)
(471, 96)
(508, 153)
(334, 141)
(371, 126)
(389, 132)
(462, 271)
(476, 116)
(471, 160)
(437, 180)
(358, 138)
(378, 158)
(408, 233)
(429, 220)
(434, 108)
(350, 161)
(384, 228)
(304, 214)
(483, 91)
(298, 225)
(539, 84)
(470, 83)
(441, 146)
(291, 249)
(384, 285)
(357, 159)
(460, 172)
(296, 208)
(475, 221)
(332, 270)
(508, 227)
(420, 145)
(328, 164)
(310, 195)
(294, 199)
(375, 128)
(440, 239)
(294, 271)
(371, 253)
(444, 300)
(369, 70)
(426, 224)
(544, 184)
(300, 162)
(446, 295)
(521, 161)
(384, 185)
(408, 98)
(533, 222)
(418, 247)
(419, 129)
(358, 263)
(476, 271)
(503, 151)
(478, 121)
(363, 141)
(314, 231)
(395, 207)
(412, 290)
(450, 237)
(337, 270)
(331, 128)
(518, 80)
(355, 203)
(533, 111)
(466, 147)
(393, 282)
(354, 176)
(400, 143)
(483, 128)
(467, 184)
(488, 166)
(352, 120)
(526, 116)
(542, 86)
(328, 209)
(518, 58)
(409, 86)
(433, 269)
(465, 234)
(515, 231)
(444, 244)
(487, 112)
(506, 211)
(530, 44)
(462, 172)
(446, 144)
(383, 184)
(464, 261)
(497, 99)
(435, 293)
(471, 106)
(479, 97)
(385, 310)
(444, 164)
(422, 172)
(433, 82)
(353, 190)
(415, 271)
(321, 218)
(386, 290)
(401, 265)
(330, 197)
(527, 136)
(311, 230)
(534, 190)
(404, 235)
(457, 260)
(527, 217)
(540, 5)
(465, 182)
(543, 176)
(341, 162)
(479, 187)
(450, 251)
(433, 124)
(419, 180)
(507, 87)
(396, 177)
(301, 263)
(478, 202)
(351, 269)
(458, 289)
(389, 73)
(388, 285)
(437, 175)
(474, 239)
(345, 228)
(416, 267)
(509, 79)
(487, 262)
(393, 158)
(333, 269)
(407, 97)
(345, 121)
(398, 86)
(410, 245)
(414, 308)
(524, 192)
(531, 97)
(373, 193)
(484, 217)
(324, 163)
(353, 103)
(550, 128)
(302, 170)
(435, 77)
(462, 164)
(302, 273)
(309, 174)
(469, 200)
(438, 104)
(287, 270)
(534, 74)
(486, 62)
(431, 117)
(495, 84)
(489, 165)
(489, 83)
(421, 150)
(450, 183)
(386, 168)
(508, 109)
(356, 286)
(366, 251)
(448, 65)
(291, 203)
(498, 241)
(389, 301)
(365, 135)
(393, 92)
(469, 88)
(437, 124)
(341, 139)
(499, 214)
(373, 233)
(464, 267)
(364, 250)
(476, 152)
(415, 229)
(478, 220)
(467, 180)
(362, 112)
(309, 166)
(507, 155)
(378, 269)
(394, 271)
(384, 147)
(436, 267)
(492, 148)
(323, 203)
(441, 284)
(425, 70)
(440, 91)
(322, 274)
(338, 267)
(472, 279)
(482, 191)
(516, 115)
(291, 189)
(419, 305)
(453, 288)
(529, 149)
(406, 90)
(372, 65)
(413, 309)
(316, 185)
(286, 263)
(400, 295)
(536, 28)
(314, 243)
(522, 154)
(412, 88)
(450, 240)
(443, 145)
(429, 292)
(394, 238)
(353, 255)
(420, 160)
(313, 180)
(286, 250)
(405, 281)
(397, 176)
(437, 129)
(502, 202)
(370, 149)
(400, 96)
(326, 258)
(507, 187)
(327, 144)
(336, 278)
(491, 232)
(548, 151)
(541, 179)
(449, 167)
(398, 312)
(495, 179)
(443, 141)
(543, 137)
(438, 96)
(435, 248)
(325, 241)
(352, 228)
(489, 257)
(403, 221)
(477, 147)
(330, 248)
(330, 233)
(297, 248)
(463, 248)
(396, 290)
(388, 161)
(357, 224)
(483, 177)
(345, 145)
(329, 145)
(520, 81)
(452, 124)
(533, 152)
(469, 126)
(420, 261)
(494, 115)
(435, 191)
(434, 269)
(539, 123)
(427, 169)
(458, 233)
(523, 73)
(418, 262)
(372, 210)
(528, 103)
(518, 139)
(411, 178)
(348, 265)
(422, 128)
(525, 106)
(424, 228)
(454, 163)
(496, 144)
(518, 62)
(391, 276)
(405, 294)
(369, 111)
(371, 252)
(463, 215)
(508, 248)
(411, 146)
(507, 156)
(322, 210)
(553, 118)
(404, 131)
(418, 229)
(437, 120)
(306, 167)
(535, 151)
(506, 120)
(347, 139)
(343, 259)
(377, 113)
(408, 116)
(307, 262)
(557, 104)
(396, 161)
(379, 119)
(377, 223)
(443, 99)
(505, 231)
(380, 85)
(376, 103)
(371, 275)
(498, 115)
(377, 273)
(406, 277)
(320, 256)
(454, 266)
(456, 210)
(403, 73)
(377, 288)
(497, 108)
(363, 156)
(450, 88)
(492, 236)
(385, 240)
(460, 235)
(309, 173)
(472, 175)
(375, 142)
(330, 250)
(421, 188)
(324, 213)
(289, 205)
(336, 145)
(412, 176)
(540, 172)
(494, 262)
(293, 251)
(399, 159)
(473, 65)
(323, 134)
(425, 307)
(405, 157)
(473, 234)
(487, 206)
(482, 137)
(287, 226)
(431, 117)
(418, 285)
(475, 111)
(386, 236)
(394, 237)
(391, 78)
(375, 147)
(292, 192)
(514, 159)
(411, 292)
(423, 115)
(354, 284)
(390, 234)
(472, 259)
(406, 322)
(379, 296)
(471, 192)
(315, 202)
(432, 92)
(350, 152)
(435, 132)
(437, 119)
(419, 188)
(512, 174)
(336, 249)
(494, 196)
(525, 72)
(434, 97)
(302, 229)
(412, 169)
(420, 187)
(488, 192)
(386, 317)
(388, 137)
(291, 201)
(385, 236)
(403, 178)
(497, 69)
(478, 80)
(416, 110)
(425, 123)
(503, 109)
(442, 232)
(530, 156)
(426, 156)
(314, 143)
(338, 186)
(501, 241)
(485, 272)
(300, 262)
(341, 218)
(401, 169)
(333, 177)
(491, 205)
(363, 214)
(426, 114)
(407, 134)
(397, 307)
(431, 187)
(408, 134)
(425, 235)
(505, 231)
(456, 182)
(523, 144)
(291, 252)
(524, 100)
(341, 237)
(453, 190)
(539, 166)
(367, 106)
(378, 164)
(434, 88)
(442, 159)
(355, 229)
(314, 176)
(488, 87)
(532, 81)
(506, 120)
(356, 165)
(475, 250)
(488, 67)
(402, 89)
(487, 92)
(559, 106)
(491, 91)
(562, 104)
(407, 160)
(363, 289)
(385, 91)
(365, 96)
(404, 274)
(505, 165)
(405, 187)
(488, 134)
(512, 181)
(396, 94)
(506, 138)
(298, 267)
(346, 248)
(484, 202)
(391, 320)
(444, 256)
(380, 314)
(424, 110)
(396, 301)
(390, 282)
(293, 253)
(405, 140)
(384, 177)
(382, 107)
(548, 75)
(338, 124)
(324, 172)
(419, 208)
(330, 217)
(360, 272)
(463, 199)
(403, 216)
(378, 147)
(431, 115)
(330, 219)
(390, 304)
(303, 281)
(383, 289)
(288, 199)
(402, 148)
(398, 165)
(555, 96)
(318, 158)
(495, 207)
(425, 97)
(468, 141)
(472, 208)
(495, 156)
(464, 145)
(505, 112)
(365, 193)
(441, 212)
(418, 201)
(338, 136)
(365, 293)
(366, 285)
(533, 107)
(426, 210)
(497, 161)
(292, 205)
(472, 113)
(402, 123)
(467, 246)
(530, 109)
(293, 196)
(404, 233)
(343, 123)
(505, 99)
(320, 216)
(549, 141)
(498, 192)
(343, 170)
(346, 278)
(303, 271)
(486, 121)
(344, 168)
(400, 125)
(403, 64)
(439, 166)
(494, 108)
(498, 114)
(403, 93)
(492, 263)
(436, 122)
(313, 272)
(316, 263)
(443, 189)
(321, 285)
(382, 148)
(422, 100)
(467, 188)
(355, 181)
(348, 252)
(467, 122)
(426, 293)
(297, 248)
(369, 278)
(341, 273)
(397, 99)
(335, 258)
(338, 186)
(517, 119)
(472, 229)
(348, 282)
(522, 217)
(534, 138)
(526, 182)
(412, 306)
(525, 85)
(384, 308)
(453, 285)
(421, 175)
(426, 235)
(341, 148)
(470, 160)
(348, 216)
(527, 217)
(347, 146)
(314, 146)
(404, 176)
(373, 258)
(379, 132)
(419, 217)
(385, 284)
(455, 84)
(316, 142)
(426, 236)
(429, 114)
(420, 261)
(423, 287)
(558, 109)
(508, 214)
(323, 253)
(563, 110)
(364, 189)
(467, 154)
(557, 131)
(348, 252)
(341, 127)
(416, 189)
(485, 108)
(454, 225)
(441, 241)
(397, 262)
(437, 202)
(386, 299)
(499, 187)
(365, 170)
(498, 175)
(429, 107)
(424, 171)
(309, 273)
(554, 84)
(446, 240)
(438, 80)
(539, 107)
(550, 29)
(485, 179)
(413, 308)
(518, 95)
(418, 200)
(383, 232)
(501, 194)
(506, 229)
(399, 237)
(517, 170)
(449, 130)
(465, 90)
(437, 224)
(328, 226)
(321, 142)
(424, 191)
(474, 141)
(367, 229)
(418, 74)
(305, 210)
(549, 95)
(530, 198)
(337, 159)
(359, 114)
(506, 227)
(373, 205)
(369, 137)
(358, 161)
(305, 237)
(532, 160)
(413, 173)
(463, 189)
(497, 63)
(303, 233)
(504, 88)
(495, 187)
(367, 157)
(357, 276)
(514, 69)
(504, 194)
(459, 149)
(355, 171)
(378, 127)
(416, 165)
(350, 133)
(427, 222)
(431, 244)
(498, 141)
(447, 194)
(381, 197)
(362, 263)
(341, 227)
(462, 113)
(529, 228)
(410, 281)
(387, 288)
(372, 269)
(427, 169)
(527, 175)
(302, 247)
(479, 145)
(346, 283)
(476, 177)
(426, 195)
(327, 245)
(462, 289)
(398, 138)
(348, 171)
(425, 310)
(300, 266)
(450, 236)
(429, 311)
(515, 147)
(335, 149)
(351, 187)
(459, 258)
(445, 160)
(423, 201)
(375, 296)
(518, 70)
(330, 273)
(371, 194)
(448, 278)
(416, 210)
(486, 86)
(539, 152)
(304, 186)
(430, 302)
(320, 167)
(482, 130)
(457, 170)
(394, 311)
(506, 240)
(390, 208)
(424, 130)
(352, 235)
(303, 212)
(383, 158)
(380, 311)
(358, 218)
(517, 203)
(475, 179)
(326, 198)
(442, 97)
(426, 201)
(426, 153)
(385, 206)
(377, 192)
(356, 231)
(429, 137)
(532, 102)
(308, 149)
(399, 293)
(473, 87)
(371, 107)
(539, 100)
(321, 185)
(391, 282)
(415, 297)
(408, 198)
(329, 271)
(453, 268)
(368, 247)
(334, 241)
(498, 184)
(360, 265)
(342, 132)
(467, 137)
(552, 124)
(450, 209)
(513, 242)
(408, 173)
(411, 128)
(463, 79)
(335, 165)
(468, 217)
(320, 289)
(503, 162)
(493, 135)
(330, 230)
(539, 127)
(420, 73)
(482, 79)
(346, 119)
(324, 291)
(373, 194)
(472, 121)
(454, 217)
(352, 112)
(380, 182)
(456, 197)
(534, 84)
(437, 90)
(350, 204)
(418, 88)
(441, 91)
(442, 228)
(407, 230)
(475, 168)
(382, 101)
(493, 165)
(457, 264)
(481, 188)
(387, 129)
(407, 301)
(402, 286)
(546, 90)
(326, 148)
(511, 88)
(399, 317)
(367, 283)
(475, 92)
(322, 199)
(458, 74)
(454, 281)
(416, 265)
(314, 166)
(552, 126)
(437, 124)
(417, 285)
(356, 108)
(472, 96)
(396, 88)
(525, 151)
(373, 260)
(372, 119)
(424, 116)
(426, 273)
(472, 152)
(401, 214)
(463, 162)
(351, 170)
(308, 279)
(472, 213)
(410, 314)
(395, 203)
(402, 297)
(386, 245)
(523, 153)
(527, 146)
(315, 252)
(385, 104)
(391, 245)
(528, 91)
(358, 198)
(538, 189)
(325, 200)
(463, 259)
(510, 130)
(364, 214)
(492, 160)
(494, 123)
(351, 244)
(507, 123)
(487, 71)
(318, 191)
(332, 180)
(328, 256)
(529, 142)
(300, 240)
(415, 219)
(450, 73)
(452, 244)
(311, 279)
(383, 303)
(400, 67)
(313, 191)
(471, 126)
(500, 190)
(471, 177)
(347, 242)
(319, 164)
(413, 196)
(423, 149)
(494, 201)
(401, 222)
(441, 104)
(431, 188)
(466, 68)
(391, 84)
(388, 268)
(512, 138)
(344, 159)
(409, 224)
(458, 231)
(489, 104)
(479, 201)
(474, 71)
(508, 188)
(441, 138)
(473, 102)
(465, 213)
(361, 171)
(392, 277)
(547, 72)
(482, 123)
(411, 182)
(453, 187)
(329, 148)
(492, 259)
(479, 103)
(491, 143)
(411, 130)
(494, 204)
(374, 116)
(400, 104)
(422, 293)
(499, 258)
(503, 111)
(388, 222)
(373, 255)
(396, 111)
(344, 198)
(363, 282)
(375, 106)
(334, 143)
(457, 67)
(374, 280)
(365, 260)
(445, 240)
(337, 258)
(451, 101)
(367, 129)
(475, 272)
(392, 288)
(405, 225)
(434, 108)
(502, 119)
(509, 129)
(342, 254)
(336, 284)
(399, 105)
(481, 191)
(486, 148)
(436, 86)
(481, 137)
(422, 227)
(517, 93)
(490, 77)
(412, 145)
(452, 95)
(375, 151)
(347, 117)
(527, 152)
(1000, 990)
