3.383032132610000204e+06 6.854156932148999535e+06 0.000000000000000000e+00
3.664529485623999964e+06 6.943358570247000083e+06 0.000000000000000000e+00
3.366856781744000036e+06 6.936802248654000461e+06 5.443295836448669434e-01
3.245140364085000008e+06 6.784658824244000018e+06 0.000000000000000000e+00
3.491846119644999970e+06 6.917019661093000323e+06 5.862981081008911133e-01
3.436240778679999989e+06 7.196702238947999664e+06 0.000000000000000000e+00
3.525313392771999817e+06 6.762366206834999844e+06 3.965068757534027100e-01
3.376537239680000115e+06 6.785432692764000036e+06 7.205806374549865723e-01
3.574226205393999815e+06 7.182787535099999979e+06 5.025998353958129883e-01
3.256484896383000072e+06 6.760497384654000401e+06 6.759378314018249512e-01
3.533067094087000005e+06 7.058228216501999646e+06 6.249760985374450684e-01
3.302610479973999783e+06 6.973103039474000223e+06 5.077033042907714844e-01
3.545444396999000106e+06 7.109285421469000168e+06 7.885292172431945801e-01
3.280164490976000205e+06 6.811899357280000113e+06 5.912584066390991211e-01
3.628604645843999926e+06 6.981378655435999855e+06 6.524701714515686035e-01
3.558171536435999908e+06 7.203770540323000401e+06 5.034598112106323242e-01
3.287578207241000142e+06 6.868975083984999917e+06 6.600764989852905273e-01
3.647684223242999986e+06 6.971986187264000066e+06 0.000000000000000000e+00
3.636707983994999900e+06 7.151384237693999894e+06 4.938543736934661865e-01
3.482176076003999915e+06 6.771505208844999783e+06 3.861369192600250244e-01
3.335678579624000005e+06 6.811733933707999997e+06 6.251838803291320801e-01
3.299109524060000200e+06 6.871032522021000274e+06 5.093033909797668457e-01
3.306838500099999830e+06 6.719781758561999537e+06 6.194323301315307617e-01
3.094382376536999829e+06 6.700714634003000334e+06 0.000000000000000000e+00
3.603653402745999862e+06 6.980302138980000280e+06 0.000000000000000000e+00
3.467079119320000056e+06 6.942771008782999590e+06 0.000000000000000000e+00
3.448963323721999768e+06 6.903852328951000236e+06 4.977930486202239990e-01
3.256305034186000004e+06 6.927783594596000388e+06 4.155385494232177734e-01
3.373702443324000109e+06 6.850936372750000097e+06 5.903171896934509277e-01
3.525061713953999802e+06 7.066698160295999609e+06 6.457008719444274902e-01
3.369160014101999812e+06 7.053308125985999592e+06 4.735728502273559570e-01
3.478713997365000192e+06 6.737981567851999775e+06 4.365203678607940674e-01
3.618495075982000213e+06 7.037623307361000217e+06 5.450980663299560547e-01
3.527852881293000188e+06 7.030959245461000130e+06 6.428773403167724609e-01
3.370697031586000230e+06 6.832080563783000223e+06 5.975835323333740234e-01
3.275106075836000033e+06 6.899880372011000291e+06 4.798017740249633789e-01
3.639064297863000073e+06 7.147606545121000148e+06 5.250033736228942871e-01
3.604957579812000040e+06 6.851239880088999867e+06 6.876646280288696289e-01
3.586234174724000040e+06 6.881857055205999874e+06 7.951526045799255371e-01
3.546704007174999919e+06 7.052045174211000092e+06 5.854777097702026367e-01
3.465948017721000127e+06 7.070648945624000393e+06 7.521249651908874512e-01
3.405116129772999790e+06 6.779182837295000441e+06 7.666936516761779785e-01
3.657462792824999895e+06 6.903193834251999855e+06 5.231515169143676758e-01
3.231263907726000063e+06 6.900608797318000346e+06 4.988443553447723389e-01
3.458199356015999801e+06 7.154724683228000067e+06 0.000000000000000000e+00
3.276584409580999985e+06 6.768656447797000408e+06 6.893892884254455566e-01
3.245142012759000063e+06 6.959994923352000304e+06 5.671653151512145996e-01
3.287381321984000038e+06 6.887026804580000229e+06 5.313657522201538086e-01
3.577896185564999934e+06 7.100656308377999812e+06 4.794129729270935059e-01
3.307129617860999890e+06 6.929422281503999606e+06 5.140627622604370117e-01
3.618975179632000159e+06 6.950815186776000075e+06 5.360392332077026367e-01
3.457144619512000121e+06 7.182077594688000157e+06 0.000000000000000000e+00
3.704508533528999891e+06 6.925342055011999793e+06 5.508735179901123047e-01
3.324764520165000111e+06 6.762279654818999581e+06 5.530154705047607422e-01
3.587197067925999872e+06 7.075924149849999696e+06 4.971315860748291016e-01
3.536556788788999896e+06 7.059707551718000323e+06 5.964841246604919434e-01
3.413833058302999940e+06 6.821410606568999588e+06 6.393663287162780762e-01
3.392108990910000168e+06 6.997335855081999674e+06 5.436570644378662109e-01
3.250212383803999983e+06 6.848352544244999997e+06 6.406348943710327148e-01
3.396372325679999776e+06 6.767684164501000196e+06 5.066055059432983398e-01
3.440495386349999812e+06 7.003403341324999928e+06 5.443707108497619629e-01
3.465880891243000049e+06 6.867166633786000311e+06 6.154309511184692383e-01
3.204182208376999944e+06 6.750074010749000125e+06 6.350697278976440430e-01
3.303540358731999993e+06 6.695199071128999814e+06 5.388655662536621094e-01
3.348058272611999884e+06 6.727979069786000066e+06 6.647649407386779785e-01
3.523274657732000109e+06 7.112289913135999814e+06 4.873462319374084473e-01
3.315510562088999897e+06 6.877958762428999878e+06 0.000000000000000000e+00
3.268668278638999909e+06 7.015768740110999905e+06 4.269844293594360352e-01
3.389758007371000014e+06 6.908023843267000280e+06 5.253120660781860352e-01
3.399970508938000072e+06 7.162991878976999782e+06 7.084135413169860840e-01
3.346218992186999880e+06 6.753476936786999926e+06 6.426802277565002441e-01
3.281943950439999811e+06 6.719967535175000317e+06 7.050390839576721191e-01
3.356162724601000082e+06 6.883880286147000268e+06 5.007082819938659668e-01
3.203329312731000129e+06 6.795518175289999694e+06 5.941256880760192871e-01
3.391071800125999842e+06 7.178136823536000215e+06 5.747929811477661133e-01
3.204431678828000091e+06 6.936717904496000148e+06 5.798074007034301758e-01
3.365959828098000027e+06 7.096749553026000038e+06 4.917394816875457764e-01
3.444115167956000194e+06 6.887860932498999871e+06 5.380700230598449707e-01
3.324919040237999987e+06 7.023096418452999555e+06 5.065335631370544434e-01
3.227566640798000153e+06 6.787020158692999743e+06 0.000000000000000000e+00
3.435399515711999964e+06 6.994659990093999542e+06 5.228621959686279297e-01
3.396931913943000138e+06 7.168467407189000398e+06 7.096484303474426270e-01
3.483883288590999786e+06 7.203044434848000295e+06 7.531952261924743652e-01
3.647622235431000125e+06 7.074016631729000248e+06 5.976698994636535645e-01
3.444047769096000120e+06 6.916417535527000204e+06 5.393176078796386719e-01
3.447587240114000160e+06 6.807078110032999888e+06 5.167452692985534668e-01
3.507919245043999981e+06 6.811321076675999910e+06 6.511236429214477539e-01
3.688771837123000063e+06 7.017358888970999978e+06 0.000000000000000000e+00
3.236779646120999940e+06 6.908163528207000345e+06 4.645282030105590820e-01
3.422423432002000045e+06 6.791601093442000449e+06 5.127008557319641113e-01
3.215016711575999856e+06 6.764800438927999698e+06 0.000000000000000000e+00
3.549090629091000184e+06 7.071681803119000047e+06 5.328840017318725586e-01
3.290365906276999973e+06 6.674218827770999633e+06 6.988053321838378906e-01
3.584330164222999942e+06 6.862662406755000353e+06 6.535651087760925293e-01
3.413283394019000232e+06 7.073670750312999822e+06 5.131533741950988770e-01
3.459082346140999813e+06 7.087855709476999938e+06 5.263792276382446289e-01
3.344399612284000032e+06 6.886638781836000271e+06 5.125521421432495117e-01
3.569458609073999804e+06 6.930816851289000362e+06 5.750967264175415039e-01
3.487652219843999948e+06 7.046499495473000221e+06 5.973275899887084961e-01
3.581694672646000050e+06 7.125343734659999609e+06 5.250598788261413574e-01
3.406676846530999988e+06 7.151501939171000384e+06 6.136607527732849121e-01
3.597481295588999987e+06 6.987825565555999987e+06 0.000000000000000000e+00
3.446527538017000072e+06 6.826368489169999957e+06 6.193159222602844238e-01
3.529175921753000002e+06 6.868200852215999737e+06 7.907823920249938965e-01
3.547097507472999860e+06 7.187780589056000113e+06 4.717506766319274902e-01
3.712946856782000046e+06 6.954780808631000109e+06 0.000000000000000000e+00
3.303073320627999958e+06 7.025338142783000134e+06 5.120928287506103516e-01
3.508759314199999906e+06 6.814285811804999597e+06 6.813180446624755859e-01
3.640871078604000155e+06 7.158346886851999909e+06 5.455229878425598145e-01
3.648575057748999912e+06 6.902125245706000365e+06 5.282178521156311035e-01
3.270136690806999803e+06 6.835759801679999568e+06 5.643962025642395020e-01
3.384021471303000115e+06 6.762779461829000153e+06 5.024604797363281250e-01
3.360951061677999794e+06 7.110542560016999952e+06 4.669111669063568115e-01
3.331200203065999784e+06 7.036737680755999871e+06 5.019446611404418945e-01
3.343071831786000170e+06 7.000655504440999590e+06 5.901374220848083496e-01
3.621736997700999957e+06 6.854394845563000068e+06 6.412716507911682129e-01
3.310544865830000024e+06 6.826512960792000405e+06 4.963937997817993164e-01
3.399363179531999864e+06 6.835998514217999764e+06 6.927713751792907715e-01
3.439247072769000195e+06 6.903781838615999557e+06 5.895716547966003418e-01
3.353875654535000212e+06 7.062147756163000129e+06 5.464869141578674316e-01
3.394641199097000062e+06 7.022466250878999941e+06 5.396659374237060547e-01
3.544866008882999886e+06 6.962364127884999849e+06 6.253541111946105957e-01
3.519380763553999830e+06 6.920852979534000158e+06 6.261147260665893555e-01
3.295842665316999890e+06 6.909008434640999883e+06 4.559194445610046387e-01
3.400935305982999969e+06 7.078018777924000286e+06 5.358806252479553223e-01
3.535280546287000179e+06 7.010328165878999978e+06 5.838691592216491699e-01
3.506162663176000118e+06 7.170625418712999672e+06 4.171881675720214844e-01
3.260348332477000076e+06 6.811506810986000113e+06 5.576397180557250977e-01
3.529637687427000143e+06 7.181748124812000431e+06 4.560432136058807373e-01
3.246730172083999962e+06 6.700031590665999800e+06 6.014991998672485352e-01
3.244735937078999821e+06 6.837062275688000023e+06 5.116215944290161133e-01
3.371240029571999796e+06 6.895664671763000078e+06 5.484599471092224121e-01
3.575875917140999809e+06 7.196300699820999987e+06 5.619854927062988281e-01
3.649538920084000099e+06 7.010349628750000149e+06 5.538908839225769043e-01
3.396858615031000227e+06 7.063692412641000003e+06 4.875384867191314697e-01
3.423544775712000206e+06 6.858604412240000442e+06 5.979258418083190918e-01
3.494680027034999803e+06 7.185482385935000144e+06 5.159439444541931152e-01
3.521644303423999809e+06 6.827099767101000063e+06 6.694999337196350098e-01
3.619372780863999855e+06 7.113216169133000076e+06 5.248401761054992676e-01
3.532966851288999896e+06 6.761166883849999867e+06 3.610520958900451660e-01
3.368329098166000098e+06 6.938148026328999549e+06 5.529378652572631836e-01
3.407284255814000033e+06 7.122406694048999809e+06 5.696992278099060059e-01
3.468881332752000075e+06 7.157974427292999811e+06 0.000000000000000000e+00
3.477305884870000184e+06 7.189923799453999847e+06 0.000000000000000000e+00
3.334231611614999827e+06 7.028399184422999620e+06 5.214225649833679199e-01
3.556246902021999937e+06 6.898147317588999867e+06 7.020562887191772461e-01
3.620846614649999887e+06 7.189013767656999640e+06 0.000000000000000000e+00
3.585047930180999916e+06 7.036223110046000220e+06 5.937129855155944824e-01
3.678529544408000074e+06 6.890185985588000156e+06 7.817783951759338379e-01
3.219090438812000211e+06 7.040601051215999760e+06 4.609531760215759277e-01
3.527332074190000072e+06 6.925683705827999860e+06 6.931044459342956543e-01
3.447063967038999777e+06 6.690284307675999589e+06 4.459195435047149658e-01
3.403233336453000084e+06 7.177248007543000393e+06 5.210529565811157227e-01
3.668432963316000067e+06 6.885976968150000088e+06 6.014548540115356445e-01
3.401293438744000159e+06 6.735186171818999574e+06 5.343937277793884277e-01
3.449673984199000057e+06 7.010686759344000369e+06 5.826622247695922852e-01
3.275051317944000009e+06 6.961421474646000192e+06 6.138022541999816895e-01
3.523114947579999920e+06 6.711649814438000321e+06 4.423882067203521729e-01
3.571937028495999984e+06 6.941214266401999630e+06 6.657884120941162109e-01
3.336583283307000063e+06 6.940031950798000209e+06 4.982284605503082275e-01
3.604003655497000087e+06 7.061193823126999661e+06 4.925064444541931152e-01
3.620371531460999977e+06 6.826502644004999660e+06 6.853511333465576172e-01
3.381081658026999794e+06 6.771129728419999592e+06 5.642176866531372070e-01
3.321413426438999828e+06 6.821380841099999845e+06 6.181235313415527344e-01
3.360181501842999831e+06 7.052822572141000070e+06 4.759752154350280762e-01
3.541830731538999826e+06 7.150162909800999798e+06 0.000000000000000000e+00
3.492898528340000194e+06 6.987659769182999618e+06 5.455915331840515137e-01
3.659125090741999913e+06 6.954853662008999847e+06 6.533151865005493164e-01
3.553654669224000070e+06 6.877465703177000396e+06 5.999590754508972168e-01
3.618417556154999882e+06 7.103846952201999724e+06 0.000000000000000000e+00
3.335155016633000225e+06 7.116733637548999861e+06 5.253247022628784180e-01
3.239770343410000205e+06 6.742758456129999831e+06 7.109591364860534668e-01
3.485565709702999797e+06 7.068791906720000319e+06 5.587813854217529297e-01
3.300067193132000044e+06 6.711269985937000252e+06 5.339631438255310059e-01
3.373537097207000013e+06 6.846503930780000053e+06 5.591986775398254395e-01
3.642047993598000146e+06 6.991206707058000378e+06 6.364919543266296387e-01
3.430778370753999799e+06 7.070530099302999675e+06 4.614089429378509521e-01
3.364677307947000023e+06 6.978643186782999896e+06 5.349921584129333496e-01
3.334613402447000146e+06 6.812328673183999956e+06 6.251838803291320801e-01
3.446013638679000083e+06 6.843162759118000045e+06 5.540589094161987305e-01
3.411026700439999811e+06 6.801820533776000142e+06 7.577108740806579590e-01
3.319076203457000200e+06 7.074818272130000405e+06 4.777965545654296875e-01
3.310997240282000042e+06 6.725505825544999912e+06 5.994046926498413086e-01
3.250743769702999853e+06 6.693134856867000461e+06 5.266099572181701660e-01
3.496300807386000175e+06 7.121514305406999774e+06 0.000000000000000000e+00
3.194506775533999782e+06 6.742680615485999733e+06 0.000000000000000000e+00
3.251018819666000083e+06 6.960066100879999809e+06 5.005312561988830566e-01
3.617740796678999905e+06 6.912170043943000026e+06 5.724348425865173340e-01
3.546985634211000055e+06 6.847843302649999969e+06 6.874473690986633301e-01
3.541431831406999845e+06 6.748243045746999793e+06 3.826012015342712402e-01
3.567445821041999850e+06 6.889679902081999928e+06 8.548936843872070312e-01
3.303716087855000049e+06 6.804901811348999850e+06 5.658434629440307617e-01
3.501312494148000143e+06 6.766586112703000195e+06 4.189890325069427490e-01
3.166933194492000155e+06 6.717137960157999769e+06 5.878759026527404785e-01
3.422486955033999868e+06 6.854822466901999898e+06 5.481449961662292480e-01
3.367708215851999819e+06 6.885696213774999604e+06 4.956684112548828125e-01
3.447223273330000229e+06 7.012840162271000445e+06 5.162177085876464844e-01
3.601411910579999909e+06 6.849155220560000278e+06 6.593699455261230469e-01
3.277603352508999873e+06 6.783558658467000350e+06 7.747073769569396973e-01
3.665585827980000060e+06 6.908123465881000273e+06 5.749559998512268066e-01
3.290902605926999822e+06 6.836131013048999943e+06 5.655502676963806152e-01
3.272214127584999893e+06 6.820462298599000089e+06 6.375223994255065918e-01
3.699580354400999844e+06 7.008061990756999701e+06 0.000000000000000000e+00
3.407709078703000210e+06 6.890424643205000088e+06 5.237069725990295410e-01
3.422713995660999790e+06 6.933972417253999971e+06 5.068014264106750488e-01
3.242961446711999830e+06 6.912911570031000301e+06 4.928313195705413818e-01
3.458084407474000007e+06 7.072720338266000152e+06 6.546798348426818848e-01
3.620558728093000129e+06 6.947228431951000355e+06 5.462942123413085938e-01
3.514667209327000193e+06 7.136381483417999931e+06 5.540897250175476074e-01
3.658093800749999937e+06 7.005834339549000375e+06 5.575487017631530762e-01
3.608534447284999769e+06 6.975511132427999750e+06 5.777312517166137695e-01
3.472627728349999990e+06 7.118911344777000137e+06 6.741295456886291504e-01
3.351363440090999939e+06 6.723679576745999977e+06 6.660667061805725098e-01
3.537999085613000207e+06 7.156126686308999546e+06 0.000000000000000000e+00
3.459044692389000207e+06 6.710483556700999849e+06 3.943862020969390869e-01
3.548518553404999897e+06 6.970001588290000334e+06 0.000000000000000000e+00
3.599712752516999841e+06 6.864219603535999544e+06 7.721624970436096191e-01
3.513231281477999873e+06 6.724249620590000413e+06 4.066034257411956787e-01
3.088557394150999840e+06 6.698478131245999597e+06 0.000000000000000000e+00
3.442849420957999770e+06 6.847577617464999668e+06 5.493918657302856445e-01
3.431558578323999885e+06 6.692634643590999767e+06 4.138619303703308105e-01
3.403303502516999841e+06 7.096560257323999889e+06 5.390313267707824707e-01
3.452767716148000211e+06 6.819690381551999599e+06 6.614582538604736328e-01
3.580537388826999813e+06 6.877714437137999572e+06 6.188217401504516602e-01
3.327193207057999913e+06 6.912562768070000224e+06 4.852967858314514160e-01
3.439652838899000082e+06 6.939971535349000245e+06 5.661225914955139160e-01
3.252028389758000150e+06 6.764281336517999880e+06 6.352313160896301270e-01
3.433455592879999895e+06 6.986983000323000364e+06 5.244875550270080566e-01
3.605641645779000130e+06 7.175684429855999537e+06 7.690600156784057617e-01
3.482686066058999859e+06 6.822831139790000394e+06 6.225523352622985840e-01
3.616330771325000096e+06 7.076128821444000117e+06 4.783646464347839355e-01
3.656625322745000012e+06 6.861854515638000332e+06 5.762274265289306641e-01
3.225056512781000230e+06 6.999975173655999824e+06 0.000000000000000000e+00
3.649148275516999885e+06 7.001511409323999658e+06 5.471895337104797363e-01
3.428679847451999784e+06 6.904125040328999981e+06 5.855190157890319824e-01
3.557681515228000004e+06 6.830946759091000073e+06 6.628612279891967773e-01
3.534388825480000116e+06 7.088996607037999667e+06 5.137425065040588379e-01
3.612456129222999793e+06 6.946287570790999569e+06 5.164088606834411621e-01
3.236912639489000197e+06 6.759035585097000003e+06 0.000000000000000000e+00
3.603338518002999946e+06 6.803759209285999648e+06 7.222737669944763184e-01
3.394330582252999768e+06 6.991975398517999798e+06 5.577484965324401855e-01
3.616982441711999942e+06 7.112599245357000269e+06 0.000000000000000000e+00
3.272868680393000133e+06 6.964375269786000252e+06 5.922280550003051758e-01
3.320530043231999967e+06 7.087351619868000038e+06 5.075832009315490723e-01
3.249976186234999914e+06 6.981952197998000309e+06 5.442513227462768555e-01
3.569614161921999883e+06 6.957873137412999757e+06 6.209203600883483887e-01
3.694349141489000060e+06 6.949181863404000178e+06 5.386739969253540039e-01
3.463844102864999790e+06 6.729269578019999899e+06 3.559841513633728027e-01
3.273684676369000226e+06 6.715271917898000218e+06 7.281025052070617676e-01
3.464160283439000137e+06 7.031521465789999813e+06 6.158061027526855469e-01
3.513697438447999768e+06 6.810081847031000070e+06 4.500120282173156738e-01
3.404978064648000058e+06 7.130061373812000267e+06 6.083897948265075684e-01
3.285584948762999848e+06 7.071902669769999571e+06 5.012306571006774902e-01
3.335447143829999957e+06 6.677617154109000228e+06 7.113783359527587891e-01
3.418519269708999898e+06 7.173752394055999815e+06 6.373896598815917969e-01
3.233873894175999798e+06 6.907351967705000192e+06 5.682937502861022949e-01
3.406496472709999885e+06 6.854838437618999742e+06 6.161547899246215820e-01
3.624187927589000203e+06 7.174572769778000191e+06 6.061083078384399414e-01
3.426272950277999975e+06 7.159113570871000178e+06 6.481469869613647461e-01
3.478732299906999804e+06 6.840109340032000095e+06 0.000000000000000000e+00
3.287221865077999886e+06 6.901974237788000144e+06 5.345851778984069824e-01
3.619515096113999840e+06 7.203150819275000133e+06 5.670032501220703125e-01
3.227065568146000151e+06 6.710448398043000139e+06 6.951338052749633789e-01
3.202417704582000151e+06 6.805083627329000272e+06 6.724833250045776367e-01
3.312486657676000148e+06 6.916809592751000077e+06 4.747290909290313721e-01
3.246147517533000093e+06 6.788802114977999590e+06 0.000000000000000000e+00
3.408094689050999936e+06 6.799723538804000244e+06 7.460066080093383789e-01
3.244711096861999948e+06 6.800006855144999921e+06 0.000000000000000000e+00
3.379041193055000156e+06 6.935070635045999661e+06 5.629349350929260254e-01
3.445701124799999874e+06 6.877477101788000204e+06 6.163750290870666504e-01
3.414080432537000161e+06 7.006154775244000368e+06 6.335105299949645996e-01
3.296462121327999979e+06 6.762870293580000289e+06 4.953714013099670410e-01
3.650424903690999839e+06 7.065558046192999929e+06 5.882596969604492188e-01
3.581635972938000225e+06 7.045750518059999682e+06 6.602191925048828125e-01
3.208788893408999778e+06 6.882231504263999872e+06 5.266833901405334473e-01
3.484516322658999823e+06 7.195160481072000228e+06 5.865981578826904297e-01
3.561731385532999877e+06 6.782510277281000279e+06 6.089827418327331543e-01
3.681261215710000135e+06 7.000992533688999712e+06 0.000000000000000000e+00
3.348205681967999786e+06 7.048694190004999749e+06 4.208889901638031006e-01
3.263796401728999801e+06 6.991883217539999634e+06 5.943460464477539062e-01
3.254939084232000168e+06 6.840138933009999804e+06 5.760105252265930176e-01
3.327725420475999825e+06 6.904663990253999829e+06 5.106658339500427246e-01
3.356345890573999844e+06 7.095174693163000047e+06 4.172823727130889893e-01
3.507219387525000144e+06 6.779829569322000258e+06 4.092071652412414551e-01
3.544822066930000205e+06 7.031894136742999777e+06 6.738845705986022949e-01
3.613802335618000012e+06 6.850533586139000021e+06 6.460255980491638184e-01
3.578341936420999933e+06 7.050458533241000026e+06 7.033882141113281250e-01
3.383488197039000224e+06 6.825452215881999582e+06 6.072550415992736816e-01
3.537320439395000227e+06 6.948011092066000216e+06 6.899304986000061035e-01
3.519443909173000138e+06 6.821399315612999722e+06 6.284744739532470703e-01
3.438230068704999983e+06 6.843462722579999827e+06 5.448635220527648926e-01
3.303631506260000169e+06 7.053009745482999831e+06 5.465654134750366211e-01
3.411759876678000204e+06 7.159615305622000247e+06 5.998533368110656738e-01
3.388160117351999972e+06 6.763079335741999559e+06 5.127779841423034668e-01
3.617713216225999873e+06 7.022478190120000392e+06 5.737573504447937012e-01
3.620474058840000071e+06 6.989454250327000394e+06 6.138523221015930176e-01
3.372547618445000146e+06 7.010995452213999815e+06 5.095150470733642578e-01
3.612186169377000071e+06 6.905952701948000118e+06 6.379396319389343262e-01
3.375567152462999802e+06 6.794200967163999565e+06 5.482624173164367676e-01
3.485056747502000071e+06 7.132633040692999959e+06 5.207110047340393066e-01
3.647834648475999944e+06 6.896485672379000112e+06 5.290336012840270996e-01
3.219082940768999979e+06 6.927587319693000056e+06 7.488836050033569336e-01
3.260006414749000221e+06 6.898050502696000040e+06 5.343538522720336914e-01
3.626979732222999912e+06 7.134352382202999666e+06 5.611912608146667480e-01
3.613166509957000148e+06 7.101513029585000128e+06 5.621638298034667969e-01
3.636095120331999846e+06 6.833959338217999786e+06 6.499137878417968750e-01
3.460035904356999788e+06 6.813358118121000007e+06 5.012596249580383301e-01
3.309857732261000201e+06 6.746896586714999750e+06 6.713375449180603027e-01
3.457825063767999876e+06 7.195809199567000382e+06 7.495197057723999023e-01
3.689603606957000215e+06 6.939953028847999871e+06 5.438724756240844727e-01
3.655488673911000136e+06 6.872083946402000263e+06 6.070578694343566895e-01
3.376882762639999855e+06 6.720618181777999736e+06 7.018462419509887695e-01
3.259457764491999988e+06 6.965990627363000065e+06 5.417491793632507324e-01
3.209307361045999918e+06 7.034760024845000356e+06 4.384101033210754395e-01
3.697750369849000126e+06 6.951088062095999718e+06 5.252000093460083008e-01
3.448416807676000055e+06 7.145360384677000344e+06 0.000000000000000000e+00
3.604121063455999829e+06 7.206685566042000428e+06 5.417773127555847168e-01
3.669552770552000031e+06 6.977028652979999781e+06 0.000000000000000000e+00
3.135149699849999975e+06 6.705858500249999575e+06 0.000000000000000000e+00
3.564857562231999822e+06 7.149047469712999649e+06 5.517307519912719727e-01
3.387298421690000221e+06 6.734221965180000290e+06 7.188243269920349121e-01
3.254336606041999999e+06 6.954191343020999804e+06 0.000000000000000000e+00
3.559267576260999776e+06 6.878448020747999661e+06 5.612606406211853027e-01
3.368427842511000112e+06 6.891649101927000098e+06 4.787302315235137939e-01
3.662708356660999823e+06 6.920595974190999754e+06 7.826694250106811523e-01
3.555293572391000111e+06 6.990104242902000435e+06 0.000000000000000000e+00
3.589392731995999813e+06 7.072102336440999992e+06 4.491916000843048096e-01
3.398691896114999894e+06 6.937795480574999936e+06 4.674610197544097900e-01
3.439453251217000186e+06 7.151428350519999862e+06 4.799560010433197021e-01
3.579565179705999792e+06 7.206746508125999942e+06 5.298609137535095215e-01
3.640664770676999819e+06 6.968912404326999560e+06 6.603171825408935547e-01
3.430633782565999776e+06 6.984826637520000339e+06 5.785781145095825195e-01
3.337054940779999830e+06 6.904223300541000441e+06 4.438493549823760986e-01
3.483357054037000053e+06 6.774446358819999732e+06 3.749262988567352295e-01
3.377322483014999889e+06 7.038666642415000126e+06 5.215125083923339844e-01
3.269921335649000015e+06 6.977878857472999953e+06 5.234482884407043457e-01
3.595293760251000058e+06 7.125569225158999674e+06 5.514121055603027344e-01
3.452285379871000070e+06 6.763825818335999735e+06 4.203995764255523682e-01
3.365926616679000203e+06 7.123012967693000101e+06 5.295594930648803711e-01
3.634386218789999839e+06 7.105856333115000278e+06 5.966597795486450195e-01
3.542943599138999823e+06 6.796403097155000083e+06 5.621328949928283691e-01
3.381427894967000000e+06 6.681839954060999677e+06 6.413182020187377930e-01
3.436804708798000123e+06 6.696029921045999974e+06 4.278075695037841797e-01
3.413509843301000074e+06 6.879571530419999734e+06 6.069226264953613281e-01
3.703686164752000012e+06 6.981327154369999655e+06 0.000000000000000000e+00
3.436291745141999796e+06 6.787816124065999873e+06 5.110996961593627930e-01
3.360901033325999975e+06 6.892523505281000398e+06 4.979519844055175781e-01
3.352528092350999825e+06 6.691333614838000387e+06 6.071107983589172363e-01
3.271539863628999796e+06 6.902804055821999907e+06 4.953795373439788818e-01
3.574520965040000156e+06 6.908756072891999967e+06 6.113463640213012695e-01
3.561047064207999967e+06 7.128060763558999635e+06 6.103501915931701660e-01
3.535498349700999912e+06 7.074942594820999540e+06 5.494846105575561523e-01
3.592350708277000114e+06 6.799652983621999621e+06 6.406748890876770020e-01
3.520844358310000040e+06 6.971073414567999542e+06 5.561885833740234375e-01
3.372227344967000186e+06 6.824819882357000373e+06 6.387116312980651855e-01
3.573878547929999884e+06 7.117521088205999695e+06 5.372358560562133789e-01
3.544916352808999829e+06 7.118557281817000359e+06 5.263913869857788086e-01
3.574023034556000028e+06 7.183368904485000297e+06 5.391999483108520508e-01
3.575305318338000216e+06 6.852027797601000406e+06 6.732224822044372559e-01
3.658893335787999909e+06 6.986185353792999871e+06 5.964805483818054199e-01
3.400968097604000010e+06 7.002889087495000102e+06 4.963454306125640869e-01
3.526770852107000072e+06 7.063815198560999706e+06 6.630018353462219238e-01
3.432062764403000008e+06 6.811764101374999620e+06 7.072528004646301270e-01
3.368558202605000231e+06 7.088865348096000031e+06 4.898550510406494141e-01
3.368908137457999866e+06 7.120754312102999538e+06 4.875407814979553223e-01
3.241403175458999816e+06 6.737400197611000389e+06 6.727352142333984375e-01
3.327174612829999998e+06 6.874141295892000198e+06 4.880462586879730225e-01
3.382298052904999815e+06 6.711398050521000288e+06 7.036241292953491211e-01
3.330309832181999926e+06 6.839159476491999812e+06 5.633455514907836914e-01
3.600665455089000054e+06 6.938777608780999668e+06 7.647554278373718262e-01
3.308252314637000207e+06 6.790844971246000379e+06 6.125451326370239258e-01
3.461512446337999776e+06 6.907250567750999704e+06 4.983824789524078369e-01
3.616402969773000106e+06 6.909036150090999901e+06 5.218862295150756836e-01
3.325601058829000220e+06 6.700920080710000359e+06 7.567783594131469727e-01
3.417649009399999864e+06 6.923792398945000023e+06 5.066285133361816406e-01
3.544255459784999955e+06 6.861160461544999853e+06 7.192399501800537109e-01
3.224812246799999848e+06 6.731311000942000188e+06 6.887836456298828125e-01
3.603441035949999932e+06 6.942303704380000010e+06 5.224005579948425293e-01
3.499505001896000002e+06 7.034944901224999689e+06 5.982680320739746094e-01
3.285371239051999990e+06 6.722238983950999565e+06 6.910452842712402344e-01
3.356784859137999825e+06 6.742820576146000065e+06 7.323408722877502441e-01
3.435487251130999997e+06 6.955516611014000140e+06 5.595518946647644043e-01
3.608883746867000125e+06 7.082561276153000072e+06 5.641533136367797852e-01
3.334577583023999818e+06 6.934273772731999867e+06 5.000780820846557617e-01
3.291615910953000188e+06 6.728858493090000004e+06 6.060022115707397461e-01
3.534416835043999832e+06 6.929435970332999714e+06 5.247056484222412109e-01
3.404795592310999986e+06 6.870265797659999691e+06 5.673494338989257812e-01
3.366139324037999846e+06 6.785713213383999653e+06 7.510327696800231934e-01
3.203225084530999884e+06 6.741105903495999984e+06 0.000000000000000000e+00
3.630242011626000050e+06 6.995053663498000242e+06 6.756080985069274902e-01
3.667643765676999930e+06 6.967074832569999620e+06 0.000000000000000000e+00
3.301466522874000017e+06 7.039547927498999983e+06 5.131925344467163086e-01
3.582515735075000208e+06 7.035653238041000441e+06 5.402467250823974609e-01
3.508805265728000086e+06 6.852695280960000120e+06 6.265117526054382324e-01
3.574233560029000044e+06 6.761016889326999895e+06 0.000000000000000000e+00
3.371802903481000103e+06 6.956186463694999926e+06 5.342497229576110840e-01
3.390349977446000092e+06 6.763688207201999612e+06 6.496821045875549316e-01
3.499204168248999864e+06 7.133940379243000410e+06 4.441327452659606934e-01
3.314717144673000090e+06 6.671027651856999844e+06 5.923402905464172363e-01
3.339888289230000228e+06 6.970009377721999772e+06 4.676965475082397461e-01
3.537738712472999934e+06 6.942059736217999831e+06 6.580795049667358398e-01
3.319857350684000179e+06 6.903944533455999568e+06 4.067068099975585938e-01
3.413862256961000152e+06 7.165291391370999627e+06 5.061113834381103516e-01
3.381025157726000063e+06 6.707827114334000275e+06 6.810734868049621582e-01
3.318793248407999985e+06 6.765070643419000320e+06 5.776452422142028809e-01
3.357224195518999826e+06 7.083518846518999897e+06 0.000000000000000000e+00
3.595911758626999799e+06 7.091757447147999890e+06 5.010970234870910645e-01
3.303993080068999901e+06 7.023543810862000100e+06 5.907602906227111816e-01
3.311573270119000226e+06 6.962780105921999551e+06 5.754994750022888184e-01
3.603360651215999853e+06 7.163362717895000242e+06 7.875568270683288574e-01
3.286060203879000153e+06 6.664735855174000375e+06 5.176192522048950195e-01
3.400426778500000015e+06 6.985628022378999740e+06 5.462965965270996094e-01
3.316696617788999807e+06 7.019227272653000429e+06 5.773956775665283203e-01
3.525516193312000018e+06 7.024818128781000152e+06 6.556536555290222168e-01
3.277199626224999782e+06 6.892985864512999542e+06 5.163163542747497559e-01
3.541849085766999982e+06 6.768575573582000099e+06 4.571999311447143555e-01
3.249630693167000078e+06 7.018905536816000007e+06 4.925684332847595215e-01
3.285837716318999883e+06 7.026552175381000154e+06 4.721949994564056396e-01
3.629100215315999929e+06 7.035516029101000167e+06 5.483815670013427734e-01
3.309357282833000179e+06 6.782103584610000253e+06 7.331126332283020020e-01
3.624502510100000072e+06 7.024481494695999660e+06 5.791217684745788574e-01
3.632981328313999809e+06 6.966774444335999899e+06 6.696510314941406250e-01
3.591370053305999842e+06 7.138494506241000257e+06 5.485072135925292969e-01
3.610201806960999966e+06 6.870021870050000027e+06 7.853304147720336914e-01
3.498797050236999989e+06 6.865884976817999966e+06 6.125703454017639160e-01
3.225601690473000053e+06 6.971856030606999993e+06 5.908041000366210938e-01
3.655402716016999912e+06 7.023599242080000229e+06 5.865987539291381836e-01
3.294191897106999997e+06 6.783214477966000326e+06 6.182022094726562500e-01
3.391348751641999930e+06 7.052255087240999565e+06 5.219826102256774902e-01
3.255857177339000162e+06 6.878543577360999770e+06 5.991516113281250000e-01
3.551854081927000079e+06 6.794231958441999741e+06 5.794518589973449707e-01
3.558067775098999962e+06 7.008616207190000452e+06 6.368422508239746094e-01
3.548897804676000029e+06 6.858750853377000429e+06 7.055749893188476562e-01
3.425347892074000090e+06 7.159946204595999792e+06 6.632430553436279297e-01
3.429107168814000208e+06 6.833681068416999653e+06 6.255838871002197266e-01
3.362414918300000019e+06 7.027777806125000119e+06 4.760403037071228027e-01
3.578678037243000232e+06 7.117925257194999605e+06 5.475368499755859375e-01
3.454226531616999768e+06 6.936197411873999983e+06 5.130391716957092285e-01
3.504960512649999931e+06 7.129143783502000384e+06 5.438631772994995117e-01
3.489320016824999824e+06 7.200561206798999570e+06 5.633983612060546875e-01
3.368045526020999998e+06 7.105278649198999628e+06 5.495740771293640137e-01
3.431022607677000109e+06 6.954154048123000190e+06 5.746555328369140625e-01
3.423435842348000035e+06 6.697476509643999860e+06 5.122389793395996094e-01
3.602501581170999911e+06 6.789515537492999807e+06 5.152782201766967773e-01
3.580513116181000136e+06 7.192560087939999998e+06 5.136099457740783691e-01
3.396948444209999871e+06 6.980674719526999630e+06 4.965124726295471191e-01
3.208181607683999930e+06 6.831641205140000209e+06 0.000000000000000000e+00
3.347374654006000143e+06 7.132514366272999905e+06 5.403493046760559082e-01
3.692443012341999914e+06 6.927055981313999742e+06 6.019495725631713867e-01
3.393402299993999768e+06 6.967355420659000054e+06 4.910919666290283203e-01
3.546809959687000141e+06 6.832933635885999538e+06 7.721217274665832520e-01
3.489891037789999973e+06 6.804383802631000057e+06 4.316137731075286865e-01
3.353314423179999925e+06 6.814129484868999571e+06 5.657509565353393555e-01
3.530649125587000046e+06 7.204334688841000199e+06 4.563633799552917480e-01
3.313800396290999837e+06 6.915319448915000074e+06 4.747290909290313721e-01
3.649456175524000078e+06 6.942427829153999686e+06 6.367392539978027344e-01
3.301759883272999898e+06 6.828585700655999593e+06 6.207238435745239258e-01
3.551346830405999906e+06 7.006037256551000290e+06 5.738078355789184570e-01
3.553486342271000147e+06 6.990635038274000399e+06 0.000000000000000000e+00
3.234011349863000214e+06 6.995063011900999583e+06 4.717764258384704590e-01
3.373146083690000232e+06 7.027230502566000447e+06 5.577018260955810547e-01
3.463010715325000230e+06 7.193605743640000001e+06 6.193044185638427734e-01
3.397586958081000019e+06 6.749970129670999944e+06 7.034200429916381836e-01
3.662601280300999992e+06 6.956540412453999743e+06 0.000000000000000000e+00
3.308835016789000016e+06 6.931541304858000018e+06 4.793081581592559814e-01
3.646867411567999981e+06 7.070114454962999560e+06 7.615450024604797363e-01
3.546069286942000035e+06 6.998968523292999715e+06 0.000000000000000000e+00
3.595992274261999875e+06 6.833537842539999634e+06 5.783711075782775879e-01
3.721910956048999913e+06 6.965947695446000434e+06 0.000000000000000000e+00
3.670408871108000167e+06 7.019192498854000121e+06 0.000000000000000000e+00
3.463729585983000230e+06 6.835614244706000201e+06 6.334292888641357422e-01
3.482915381109000184e+06 7.147932769607000053e+06 5.816717743873596191e-01
3.261920709222000092e+06 6.914169181258999743e+06 4.846319258213043213e-01
3.382914730717000086e+06 7.077608518686000258e+06 4.890350103378295898e-01
3.342023368183000013e+06 6.908883727060000412e+06 4.314190745353698730e-01
3.317229743604999967e+06 6.903052112460999750e+06 4.697341024875640869e-01
3.455552249218999874e+06 6.939183059038000181e+06 5.154079198837280273e-01
3.425954764123000205e+06 6.754417625780999660e+06 4.940288066864013672e-01
3.576112184772999957e+06 7.106802645707000047e+06 5.288685560226440430e-01
3.470920673692999873e+06 6.789837844529000111e+06 4.064492583274841309e-01
3.222411642384000123e+06 6.728933386320999824e+06 6.998147964477539062e-01
3.273290804390999954e+06 6.909225828789000399e+06 4.525026082992553711e-01
3.536841902307000011e+06 7.173118337259000167e+06 0.000000000000000000e+00
3.416435804268999957e+06 6.954153535560999997e+06 5.394499897956848145e-01
3.452318529879999813e+06 6.938896892346000299e+06 5.297473073005676270e-01
3.463191790258999914e+06 6.801756367455000058e+06 4.740059077739715576e-01
3.713601176599000115e+06 7.006147880021000281e+06 5.291694998741149902e-01
3.352342306745000184e+06 7.002112654823999852e+06 5.179777741432189941e-01
3.480442318806000054e+06 7.196372757721999660e+06 5.228380560874938965e-01
3.551001885073000100e+06 7.008512193510999903e+06 6.382308006286621094e-01
3.434309057151000015e+06 6.971814276949999854e+06 5.163440704345703125e-01
3.216409916031000204e+06 6.784314300556000322e+06 0.000000000000000000e+00
3.239529894869999960e+06 6.822163693691000342e+06 0.000000000000000000e+00
3.297986302151000127e+06 6.945787133325999603e+06 4.845064580440521240e-01
3.324028206553999800e+06 6.927688150515999645e+06 5.378028154373168945e-01
3.297237191717999987e+06 6.771226675390000455e+06 5.182951688766479492e-01
3.542710135245000012e+06 6.893644959924000315e+06 7.193064689636230469e-01
3.389983617420999799e+06 6.717170251167999581e+06 5.766087770462036133e-01
3.390796267690000124e+06 6.925939913475000300e+06 5.390120744705200195e-01
3.365421482795000076e+06 7.150615933020999655e+06 4.419172108173370361e-01
3.451245672826000024e+06 7.102003864351999946e+06 6.437758803367614746e-01
3.560370989959999919e+06 6.775886136349000037e+06 6.609351038932800293e-01
3.623389815198000055e+06 6.807073073633999564e+06 7.635900974273681641e-01
3.602925691196000203e+06 7.177608764578999951e+06 7.627128362655639648e-01
3.515828500738000032e+06 7.095949553008999676e+06 5.119493603706359863e-01
3.417091809028999880e+06 6.976577380764000118e+06 5.266793966293334961e-01
3.433335448995999992e+06 7.111604228806000203e+06 6.623883843421936035e-01
3.488045878552000038e+06 6.795455807103999890e+06 4.431000351905822754e-01
3.506163425857000053e+06 7.051270866170999594e+06 6.306479573249816895e-01
3.307073660744000226e+06 6.925229049633000046e+06 4.996401667594909668e-01
3.346298399499000050e+06 6.964574005793999881e+06 5.498214960098266602e-01
3.692378762083000038e+06 6.983058771726000123e+06 7.507148385047912598e-01
3.452471859712000005e+06 6.916162984187999740e+06 5.031204223632812500e-01
3.347505293403000105e+06 6.961080196879000403e+06 5.128912925720214844e-01
3.549518306853000075e+06 6.927354924999999814e+06 7.335597872734069824e-01
3.541532601327000186e+06 6.767457207227000035e+06 4.571999311447143555e-01
3.441885485514999833e+06 6.865342748127000406e+06 5.571635365486145020e-01
3.366432582855000161e+06 6.732172413565999828e+06 7.059934735298156738e-01
3.582127481314000208e+06 7.195403253789000213e+06 5.757756233215332031e-01
3.279443034609999973e+06 6.729262706836000085e+06 5.227822661399841309e-01
3.553624656984000001e+06 7.096558368332000449e+06 0.000000000000000000e+00
3.459123869737999979e+06 6.872052817200999707e+06 5.714530348777770996e-01
3.411274616832000203e+06 6.699156283610999584e+06 5.441638827323913574e-01
3.289959993670000229e+06 7.044127572734000161e+06 4.320558607578277588e-01
3.406288052625999786e+06 7.022306235206999816e+06 5.391062498092651367e-01
3.255311380613999907e+06 6.910693433575999923e+06 4.711621999740600586e-01
3.397614681210000068e+06 6.893897799673000351e+06 4.626475870609283447e-01
3.537587090603000019e+06 7.068551556924000382e+06 5.699712038040161133e-01
3.431294538641999941e+06 7.149010230508999899e+06 6.550382375717163086e-01
3.253263938244999852e+06 6.801989625834000297e+06 5.533326864242553711e-01
3.240124913348999806e+06 6.713705200397999957e+06 6.925584077835083008e-01
3.318548909285000060e+06 6.765126615921000019e+06 5.776452422142028809e-01
3.408597421353000216e+06 7.066975024342999794e+06 4.818371832370758057e-01
3.578032556975999847e+06 6.828335641045999713e+06 6.777356266975402832e-01
3.213417001571999863e+06 6.802014425595000386e+06 0.000000000000000000e+00
3.256137977739000227e+06 6.973573673131000251e+06 4.529096484184265137e-01
3.263526200933000073e+06 6.803294696739000268e+06 5.606595277786254883e-01
3.291460049966999795e+06 6.660594156206999905e+06 5.371614098548889160e-01
3.260219046875999775e+06 6.796861247779999860e+06 4.729260206222534180e-01
3.286634890730999876e+06 6.653295108555000275e+06 5.600091218948364258e-01
3.399531438535000198e+06 6.963883936191000044e+06 6.035993099212646484e-01
3.657721325263000093e+06 7.052502634367999621e+06 6.319583654403686523e-01
3.259945802011999767e+06 7.008149515240999870e+06 4.626263380050659180e-01
3.271537421136000194e+06 7.048398657194999978e+06 4.545522630214691162e-01
3.627369420495999977e+06 6.970925401747999713e+06 6.203925013542175293e-01
3.408938082671999931e+06 6.767136018641999923e+06 6.179817914962768555e-01
3.452145233213999774e+06 6.968241054237999953e+06 4.779417514801025391e-01
3.346669966876999941e+06 6.801138650537000038e+06 6.720702648162841797e-01
3.441153318541999906e+06 6.754572598162000068e+06 5.229058861732482910e-01
3.266957113171000034e+06 6.986320413767999969e+06 4.660277366638183594e-01
3.354222084036000073e+06 6.765086605382000096e+06 6.739468574523925781e-01
3.612167436666999944e+06 7.182464036089999601e+06 0.000000000000000000e+00
3.575685935481000226e+06 7.086514842609999701e+06 0.000000000000000000e+00
3.483244012598999776e+06 6.810681263632999733e+06 6.040883064270019531e-01
3.719856146887000185e+06 6.996519764387999661e+06 4.756464362144470215e-01
3.590795317718999926e+06 6.890225900456000119e+06 6.887938976287841797e-01
3.707135349320999812e+06 7.017039111533000134e+06 5.712727904319763184e-01
3.299223892996999901e+06 6.930096065278000198e+06 5.097291469573974609e-01
3.681329279575000051e+06 6.986264913921999745e+06 0.000000000000000000e+00
3.643266955624000169e+06 6.998012872329000384e+06 5.389440655708312988e-01
3.585753210514999926e+06 7.192949141234000213e+06 0.000000000000000000e+00
3.359085200732999947e+06 6.967025571310999803e+06 5.342704653739929199e-01
3.433140459373000078e+06 7.009360856057000346e+06 5.340333580970764160e-01
3.293238611163999885e+06 7.014011030244000256e+06 5.068833827972412109e-01
3.228117019373000134e+06 6.681845625892000273e+06 6.277441382408142090e-01
3.326144619187999982e+06 7.101814803117999807e+06 5.155174136161804199e-01
3.422841352169000078e+06 7.129343950085000135e+06 6.011116504669189453e-01
3.495608937402999960e+06 6.940138647303000093e+06 0.000000000000000000e+00
3.513706384370999876e+06 7.117900455090999603e+06 5.755068063735961914e-01
3.622704696274000220e+06 7.058659591610999778e+06 0.000000000000000000e+00
3.477752024728999939e+06 6.851336562307000160e+06 6.253415346145629883e-01
3.510304014562000055e+06 6.972616570228000171e+06 6.472408175468444824e-01
3.372059561730000190e+06 7.021680190383999608e+06 5.414935946464538574e-01
3.309798732429999858e+06 6.916552655565000139e+06 4.169366061687469482e-01
3.517684691095000133e+06 7.117206167282000184e+06 4.986609220504760742e-01
3.687615238590999972e+06 6.998972045498000458e+06 0.000000000000000000e+00
3.641143997558000032e+06 7.172488088078999892e+06 6.614183783531188965e-01
3.656952482741000131e+06 7.012406480477999896e+06 5.975284576416015625e-01
3.476079847647999879e+06 7.201583479404999875e+06 7.682048678398132324e-01
3.375264547997999936e+06 6.974256954173999839e+06 5.220852494239807129e-01
3.409870279248999897e+06 6.982718039242000319e+06 5.187812447547912598e-01
3.271573383274000138e+06 6.668316302082999609e+06 5.406574606895446777e-01
3.395174721863999963e+06 7.141037937536000274e+06 5.634209513664245605e-01
3.492513840973999817e+06 6.788459066149000078e+06 4.235257506370544434e-01
3.272671706526999827e+06 6.928478366608000360e+06 4.558731317520141602e-01
3.360603981953999959e+06 6.842768408541999757e+06 6.352257132530212402e-01
3.495253759972000029e+06 6.834275739652999677e+06 6.121630072593688965e-01
3.390423868286999874e+06 6.787442132255000062e+06 7.993273735046386719e-01
3.369266686904999893e+06 6.850860769601999782e+06 5.906389355659484863e-01
3.302878205771999899e+06 6.768496278583000414e+06 4.760069847106933594e-01
3.464653105789000168e+06 7.048981574706999585e+06 6.875441074371337891e-01
3.503656042071000207e+06 6.895535700751000084e+06 6.374619603157043457e-01
3.480571270701999776e+06 6.942533066952999681e+06 0.000000000000000000e+00
3.350173357652999926e+06 7.101146573383999988e+06 5.919861197471618652e-01
3.665437095588999800e+06 7.048285787527999841e+06 6.316679716110229492e-01
3.648474957024000119e+06 7.045257962128999643e+06 5.864024758338928223e-01
3.292583258837999776e+06 6.712529433086000383e+06 5.375027060508728027e-01
3.498719510249000043e+06 6.925122692644000053e+06 6.180710792541503906e-01
3.401797734170000069e+06 6.783311709375999868e+06 5.829361677169799805e-01
3.489416164452999830e+06 7.193448115265999921e+06 7.272335886955261230e-01
3.304668346198000014e+06 6.833408810135000385e+06 5.047348141670227051e-01
3.324083168446000200e+06 6.974964586179999635e+06 5.211104750633239746e-01
3.571099225083999801e+06 6.843945883632999845e+06 7.134201526641845703e-01
3.296674741644999944e+06 6.717751674806999974e+06 5.662191510200500488e-01
3.470410020897000097e+06 7.192452488037999719e+06 0.000000000000000000e+00
3.544166364422999788e+06 6.970209554701000452e+06 5.803932547569274902e-01
3.325146914119000081e+06 7.091034935051999986e+06 5.356969833374023438e-01
3.277376092461999971e+06 6.768044948893999681e+06 6.893892884254455566e-01
3.511162993360000197e+06 7.137783345160000026e+06 5.713434815406799316e-01
3.361171464240000118e+06 6.680361995137999766e+06 5.481371879577636719e-01
3.463749824465000071e+06 6.782746118002999574e+06 4.191259145736694336e-01
3.419544181100000162e+06 7.091102926005999558e+06 5.628454089164733887e-01
3.635838603370999917e+06 7.085928723383000121e+06 0.000000000000000000e+00
3.620184750401999801e+06 7.172202213907999918e+06 5.342029333114624023e-01
3.321233500212999992e+06 6.806649447382999584e+06 5.990240573883056641e-01
3.415475102560999803e+06 7.089153928720000200e+06 5.903764367103576660e-01
3.328989285759999882e+06 6.977170223166000098e+06 4.581106901168823242e-01
3.207102880144999828e+06 6.972305764988999814e+06 5.510466098785400391e-01
3.411247567530000117e+06 6.900647206190000288e+06 5.332992672920227051e-01
3.294659691099999938e+06 6.789858955102999695e+06 6.213511228561401367e-01
3.306360812779000029e+06 6.781541334510999732e+06 5.606947541236877441e-01
3.264059260094000027e+06 6.972402693490000442e+06 5.100350379943847656e-01
3.605656790368999820e+06 6.793258326493999921e+06 6.458728909492492676e-01
3.322643697314000223e+06 6.906011778970999643e+06 5.003742575645446777e-01
3.622308870432999916e+06 7.152163223798999563e+06 5.692926049232482910e-01
3.604715261562999804e+06 7.145803407736999914e+06 0.000000000000000000e+00
3.457229614763999823e+06 6.892990771301000379e+06 5.718823671340942383e-01
3.648722866388999857e+06 7.135182848233000375e+06 5.296051502227783203e-01
3.375183195917999838e+06 7.014531368010000326e+06 5.283008813858032227e-01
3.278837720947999973e+06 6.933022149760000408e+06 4.960405230522155762e-01
3.455487834968999960e+06 6.844919887395000085e+06 6.033528447151184082e-01
3.441430551400000229e+06 7.068549889461999759e+06 5.937114953994750977e-01
3.582266242684999947e+06 7.081057692294999957e+06 0.000000000000000000e+00
3.322537519698000047e+06 6.844423404989999719e+06 4.880865812301635742e-01
3.664236962191999890e+06 6.925886361335000023e+06 6.488280892372131348e-01
3.575139332866999786e+06 7.184418653776999563e+06 5.391999483108520508e-01
3.634521707400999963e+06 7.040124463429000229e+06 5.727814435958862305e-01
3.625864428090000059e+06 7.095429689691999927e+06 0.000000000000000000e+00
3.277234409736000001e+06 6.984796726689999923e+06 5.359430909156799316e-01
3.594394601203000173e+06 7.107637860426000319e+06 0.000000000000000000e+00
3.450755728207999840e+06 7.101676015084000304e+06 6.437758803367614746e-01
3.317361550879999995e+06 6.744741073987999931e+06 5.230820178985595703e-01
3.537614993178999983e+06 6.833273383786999620e+06 6.564412713050842285e-01
3.643539653039999772e+06 7.081009173035000451e+06 7.650492787361145020e-01
3.513276860572000034e+06 6.733124848501999862e+06 4.072423279285430908e-01
3.355723742957999930e+06 6.709305951775999740e+06 6.980565786361694336e-01
3.443224090584999882e+06 6.725258090804999694e+06 4.122937917709350586e-01
3.689894141245999839e+06 6.953969095281999558e+06 5.561699271202087402e-01
3.248387925042999908e+06 6.727561492816999555e+06 5.833827257156372070e-01
3.694245928468999919e+06 7.009250383555999957e+06 0.000000000000000000e+00
3.649144165905000176e+06 6.872034192390000448e+06 5.544033050537109375e-01
3.428601702266000211e+06 6.935921251620999537e+06 5.296967029571533203e-01
3.549701534126000013e+06 6.925958473574999720e+06 6.459944844245910645e-01
3.374114991522999946e+06 7.095924929618000053e+06 4.694313108921051025e-01
3.398317253854999784e+06 6.837832173694999889e+06 5.533165335655212402e-01
3.511726160306000151e+06 7.082333061174999923e+06 0.000000000000000000e+00
3.511896492041999940e+06 6.723246112413000315e+06 4.066034257411956787e-01
3.371673349315000232e+06 7.084763212991000153e+06 5.036317706108093262e-01
3.370660864823000040e+06 7.149804690782000311e+06 4.417675435543060303e-01
3.430434017138000112e+06 6.969979657643999904e+06 5.299106240272521973e-01
3.595161597618999891e+06 7.031096585080999881e+06 5.774723291397094727e-01
3.343370552465000190e+06 7.019187163368999958e+06 5.912114977836608887e-01
3.512401657509000041e+06 6.940307543531999923e+06 6.406076550483703613e-01
3.646996878552999813e+06 7.008750673612000421e+06 5.337812304496765137e-01
3.247455213365999982e+06 6.867698128010000102e+06 5.286837220191955566e-01
3.363696767080000136e+06 7.145723888598999940e+06 4.623146355152130127e-01
3.550779858620000072e+06 6.925674390337999910e+06 5.094807744026184082e-01
3.307230995564999990e+06 6.919835661039000377e+06 5.377950668334960938e-01
3.600982114719999954e+06 6.938817914005000144e+06 7.647554278373718262e-01
3.653810411803000141e+06 6.932806996000999585e+06 6.572492718696594238e-01
3.296907305035000201e+06 6.661743896858000197e+06 6.797047853469848633e-01
3.507329513553999830e+06 6.762648652053999715e+06 3.788216412067413330e-01
3.584359901839000173e+06 7.132835474147000350e+06 0.000000000000000000e+00
3.298964606106000021e+06 6.652085912607000209e+06 5.536345839500427246e-01
3.457465148335999809e+06 7.049615389755999669e+06 0.000000000000000000e+00
3.387139371348000132e+06 6.843715793980999850e+06 5.765869617462158203e-01
3.341759312696999870e+06 6.664095216462000273e+06 5.981099605560302734e-01
3.583368014018999878e+06 7.082295222420999780e+06 0.000000000000000000e+00
3.332258852936999872e+06 7.095854730720999651e+06 4.994766712188720703e-01
3.456574731213000137e+06 6.945790589786999859e+06 5.648781657218933105e-01
3.294938834848000202e+06 6.807208151189000346e+06 6.191825866699218750e-01
3.529756410680000205e+06 6.870956583057000302e+06 7.808309793472290039e-01
3.561270143854000140e+06 6.895745431468999945e+06 7.233336567878723145e-01
3.602347858895000070e+06 6.984463808203999884e+06 0.000000000000000000e+00
3.483321570046000183e+06 6.904662600126000121e+06 5.088406205177307129e-01
3.676720191225000191e+06 7.006819736735000275e+06 0.000000000000000000e+00
3.453801855450999923e+06 6.779047205760000274e+06 5.957657694816589355e-01
3.417958022929999977e+06 7.047216749751999974e+06 5.136746168136596680e-01
3.429029304370000027e+06 6.782924360376000404e+06 4.986082017421722412e-01
3.293285956040000077e+06 6.919077861460999586e+06 4.637596607208251953e-01
3.420040169848000165e+06 6.929509214188000187e+06 5.993036031723022461e-01
3.624654968822999857e+06 7.160868342128000222e+06 5.654324889183044434e-01
3.246026687917000148e+06 6.669960964146999642e+06 6.852792501449584961e-01
3.557889786367999855e+06 6.886293120869999751e+06 7.087962031364440918e-01
3.238857187774000224e+06 6.901462895429999568e+06 5.231226682662963867e-01
3.293441031950999983e+06 6.700421981754000299e+06 5.744423866271972656e-01
3.137327301593000069e+06 6.677026904633999802e+06 5.357281565666198730e-01
3.435997068822000176e+06 6.807570917356000282e+06 5.874260067939758301e-01
3.694204821155999787e+06 6.952163769443999976e+06 5.222889184951782227e-01
3.268867865528000053e+06 6.742219609631000087e+06 7.372881174087524414e-01
3.478624140755999833e+06 6.942101403130999766e+06 0.000000000000000000e+00
3.543724497820999939e+06 7.012443616080000065e+06 6.115584969520568848e-01
3.467351356773000211e+06 6.776676286449000239e+06 4.089599251747131348e-01
3.537097434551000129e+06 6.766172699640999548e+06 4.005572795867919922e-01
3.552331122845999897e+06 6.980157130378999747e+06 6.214944720268249512e-01
3.418619209689999931e+06 6.744867299980999902e+06 5.419575572013854980e-01
3.338116518792999908e+06 6.879333273696999997e+06 4.420673847198486328e-01
3.258718744469000027e+06 6.848405767943000421e+06 6.758536696434020996e-01
3.526195953670000192e+06 6.904365040126999840e+06 8.042158484458923340e-01
3.530805589114999864e+06 7.122519823428000323e+06 0.000000000000000000e+00
3.362810725947000086e+06 7.135972134060000069e+06 4.591791331768035889e-01
3.460249364440999925e+06 6.930773383658999577e+06 4.394823908805847168e-01
3.360436930002000183e+06 6.830749795978999697e+06 6.076794862747192383e-01
3.536908475895999931e+06 7.044007170745999552e+06 6.730357408523559570e-01
3.226527917582000140e+06 6.941798956658000126e+06 5.364068746566772461e-01
3.498385428611000068e+06 7.167554155031999573e+06 4.423175156116485596e-01
3.267998992947999854e+06 6.681000057856000029e+06 6.598839759826660156e-01
3.474639236310999840e+06 6.718499138895999640e+06 3.874788284301757812e-01
3.397534808968999889e+06 7.103398867750000209e+06 5.827981829643249512e-01
3.307731286334000062e+06 7.059213116933000274e+06 5.257967710494995117e-01
3.532213355243000202e+06 6.765144684735000134e+06 3.915349245071411133e-01
3.487877443487000186e+06 7.031375865783000365e+06 6.380199193954467773e-01
3.352039502539000008e+06 7.040258136905999854e+06 4.371042549610137939e-01
3.400444136611999944e+06 7.061274569864000194e+06 5.166630744934082031e-01
3.552834352283999790e+06 7.167839844592999667e+06 5.183981060981750488e-01
3.399683116601999849e+06 6.714181082445000298e+06 5.069210529327392578e-01
3.425684053944000043e+06 6.952430311638999730e+06 5.923857092857360840e-01
3.457486744274000172e+06 6.851023130406999961e+06 6.739972233772277832e-01
3.204579114620000124e+06 6.783951807369000278e+06 5.057671070098876953e-01
3.545054605217000004e+06 7.172163273238000460e+06 7.221660017967224121e-01
3.255038462348000146e+06 6.770168603315000422e+06 4.900185763835906982e-01
3.452389626598000061e+06 6.788332324951999821e+06 5.656821727752685547e-01
3.392304936296000145e+06 7.044961918832000345e+06 4.911810457706451416e-01
3.631147706226999871e+06 7.064665331722999923e+06 0.000000000000000000e+00
3.216488058277999982e+06 6.750924084932000376e+06 6.905143857002258301e-01
3.466224583165000193e+06 6.769249066225999966e+06 4.318823516368865967e-01
3.377112470067999791e+06 6.860290434109999798e+06 0.000000000000000000e+00
3.421817418428999837e+06 7.067242095100999810e+06 5.414592623710632324e-01
3.332683348040999845e+06 7.022566729015000165e+06 4.598249197006225586e-01
3.408540996900999919e+06 6.946415196316000074e+06 4.633647501468658447e-01
3.344304332663000096e+06 7.078932974417000078e+06 5.478843450546264648e-01
3.523254218284999952e+06 6.923442700330000371e+06 5.427547693252563477e-01
3.566452500353999902e+06 6.915975022466000170e+06 5.809591412544250488e-01
3.359899629333999939e+06 6.782319096499999985e+06 7.542818784713745117e-01
3.466088454857000150e+06 6.884859142717000097e+06 0.000000000000000000e+00
3.472882232348000165e+06 7.015451687001000158e+06 6.916059255599975586e-01
3.604473727841000073e+06 7.053316236398999579e+06 4.942781627178192139e-01
3.533557776699000038e+06 7.096689942774999887e+06 5.194509029388427734e-01
3.305122921906999778e+06 6.854225206384000368e+06 4.843575060367584229e-01
3.534162984902000055e+06 6.719278454109000042e+06 3.827058970928192139e-01
3.640492935087000020e+06 6.958131012205000035e+06 6.220349669456481934e-01
3.655718227957999799e+06 7.003177477301999927e+06 5.493712425231933594e-01
3.616560859900000039e+06 7.033097760862999596e+06 5.712669491767883301e-01
3.417510126625000034e+06 6.924112826759999618e+06 5.066285133361816406e-01
3.429608248916999903e+06 6.723335364304999821e+06 6.291584968566894531e-01
3.572256949060000014e+06 7.173738503231000155e+06 0.000000000000000000e+00
3.369589329824999906e+06 6.820877540903000161e+06 5.717926025390625000e-01
3.644039088587000035e+06 7.085076787982000038e+06 7.546594738960266113e-01
3.432122506115000229e+06 6.826914854760999791e+06 6.852423548698425293e-01
3.469677401664999779e+06 6.926480098453000188e+06 5.598073005676269531e-01
3.568643020217999816e+06 7.123013785992000252e+06 5.367926359176635742e-01
3.656745560630999971e+06 6.853146213282999583e+06 6.196712255477905273e-01
3.354646564445000142e+06 6.981409012777999975e+06 5.331643819808959961e-01
3.421636875403000042e+06 7.081896065174000338e+06 4.676507413387298584e-01
3.699576379224999808e+06 6.928086162492999807e+06 5.360151529312133789e-01
3.610929352177000139e+06 7.178957475930999964e+06 5.749351382255554199e-01
3.550247458089999855e+06 6.878402736700999551e+06 6.316580772399902344e-01
3.701043355163999833e+06 6.920498974507000297e+06 6.223666071891784668e-01
3.372221250967000145e+06 6.748703418336000293e+06 6.081598401069641113e-01
3.377102322436000220e+06 7.108778821054000407e+06 6.489668488502502441e-01
3.451912845869000070e+06 7.076018388047999702e+06 5.081552267074584961e-01
3.593950215625000186e+06 6.859322485646000132e+06 6.950255036354064941e-01
3.399448040845000185e+06 6.888897892620000057e+06 5.394855141639709473e-01
3.481755799709999934e+06 6.932593868900000118e+06 6.081506013870239258e-01
3.670701875328000169e+06 7.027797372294000350e+06 0.000000000000000000e+00
3.219126054008999839e+06 6.742097883016999811e+06 6.302927136421203613e-01
3.624372576710000169e+06 7.117052377636999823e+06 4.860932528972625732e-01
3.466360319341999944e+06 7.036888964483000338e+06 6.221580505371093750e-01
3.635272883799000178e+06 6.882283975042000413e+06 5.305712223052978516e-01
3.499382653919000179e+06 6.946332657770000398e+06 8.265170454978942871e-01
3.250039389549000189e+06 6.805038166685000062e+06 5.192526578903198242e-01
3.382241297549000010e+06 6.699937423488000408e+06 6.736070513725280762e-01
3.451262518960999791e+06 7.170916929034000263e+06 0.000000000000000000e+00
3.682565858942000195e+06 6.918797259042999707e+06 0.000000000000000000e+00
3.413170482243999839e+06 7.137733696291999891e+06 5.948137044906616211e-01
3.339638750791000202e+06 6.813763422411999665e+06 6.216902732849121094e-01
3.419322672028000001e+06 6.863506515045999549e+06 0.000000000000000000e+00
3.701773315229000058e+06 6.989533200524999760e+06 5.677448511123657227e-01
3.558957293492999859e+06 6.766699383713999763e+06 4.537642300128936768e-01
3.495848485168000218e+06 6.997841556888000108e+06 6.967203021049499512e-01
3.339743694825000130e+06 6.929568851649000309e+06 4.911482930183410645e-01
3.549308036716000177e+06 7.073755625997000374e+06 5.249148607254028320e-01
3.502093100190000143e+06 7.171984189116000198e+06 4.633558392524719238e-01
3.394719487271000165e+06 7.012755847044999711e+06 5.023859739303588867e-01
3.700310046881999820e+06 7.018361890487999655e+06 0.000000000000000000e+00
3.514982065806999803e+06 7.062504024341000244e+06 0.000000000000000000e+00
3.485562314050000161e+06 6.743118008968999609e+06 4.104543924331665039e-01
3.436273130824999884e+06 6.828837154551999643e+06 6.550744175910949707e-01
3.475792920433999971e+06 7.125635360417000018e+06 5.174114704132080078e-01
3.272650984174000099e+06 6.894134096374000423e+06 5.305050611495971680e-01
3.480092469678999856e+06 6.926197893256000243e+06 5.335639715194702148e-01
3.384711014560999814e+06 6.926330755590000190e+06 5.240157246589660645e-01
3.491105325302999932e+06 7.009000475519999862e+06 0.000000000000000000e+00
3.463447329626999795e+06 7.024211734606999904e+06 7.006360888481140137e-01
3.541211002601000015e+06 7.065978424695000052e+06 5.254643559455871582e-01
3.352475420731000137e+06 6.920335376259000041e+06 4.920685887336730957e-01
3.282646922960999887e+06 6.714255642572999932e+06 7.316222190856933594e-01
3.377830693845999893e+06 7.162539600146999583e+06 5.414371490478515625e-01
3.664965133065000176e+06 6.980886356739000417e+06 0.000000000000000000e+00
3.253127822926000226e+06 6.831310614914000034e+06 7.057738304138183594e-01
3.293750217430999968e+06 7.035644589266000316e+06 4.507051408290863037e-01
3.278996478711000178e+06 6.699609349910000339e+06 5.586945414543151855e-01
3.449035206160000060e+06 7.135763343930999748e+06 7.276627421379089355e-01
3.641951350744999945e+06 6.995945947120999917e+06 0.000000000000000000e+00
3.671913109962000046e+06 6.948502495884999633e+06 7.157891392707824707e-01
3.475109258243000135e+06 6.961391084303000011e+06 6.000373363494873047e-01
3.620372453900999855e+06 7.120906393109999597e+06 5.437244772911071777e-01
3.615530296012999956e+06 6.872140775976000354e+06 7.854773402214050293e-01
3.572001510013999883e+06 7.042845766707000323e+06 5.119404196739196777e-01
3.561431008638000116e+06 7.109908431555000134e+06 5.704469084739685059e-01
3.446012581706000026e+06 6.782788517710999586e+06 4.808779656887054443e-01
3.609707165955999866e+06 7.058321305064000189e+06 4.973411262035369873e-01
3.343491706848999951e+06 7.094196077610000037e+06 5.183098912239074707e-01
3.352071694833000191e+06 6.843051142617000267e+06 5.916721820831298828e-01
3.327060791755999904e+06 6.673842960830999538e+06 7.232726812362670898e-01
3.496448860042999964e+06 6.878397092008000240e+06 6.233310699462890625e-01
3.561898755152000114e+06 6.751426633534000255e+06 4.508317410945892334e-01
3.425661900644999929e+06 6.962173889987999573e+06 5.319340229034423828e-01
3.335829725763000082e+06 6.955157799339000136e+06 5.494520068168640137e-01
3.235885605680000037e+06 6.852164889104000293e+06 5.584525465965270996e-01
3.409631051508999895e+06 7.108021974569000304e+06 4.516201019287109375e-01
3.512714536146000028e+06 6.841793623273000121e+06 7.693249583244323730e-01
3.657300104389999993e+06 7.137664996306000277e+06 0.000000000000000000e+00
3.402451223257999867e+06 6.771022159243999980e+06 5.680028796195983887e-01
3.349172292597999796e+06 6.791634846092999913e+06 6.923309564590454102e-01
3.539422714935000055e+06 7.118870788451000117e+06 4.986864626407623291e-01
3.333771708806999959e+06 6.700983195562000386e+06 7.616087794303894043e-01
3.224487305519000161e+06 6.937988607479000464e+06 5.636530518531799316e-01
3.236672931431999896e+06 6.814110562048000284e+06 0.000000000000000000e+00
3.316410747231000103e+06 7.086536093582999893e+06 4.656107723712921143e-01
3.660009077035000082e+06 7.130372440925999545e+06 0.000000000000000000e+00
3.467215559437000193e+06 7.032314033990999684e+06 5.281690955162048340e-01
3.320978809822999872e+06 6.834171224220000207e+06 5.096015334129333496e-01
3.513389429161000066e+06 6.869819359294000082e+06 7.511730790138244629e-01
3.303415852725000121e+06 7.073195950141999871e+06 4.876271784305572510e-01
3.442962144166000187e+06 7.017817623058999889e+06 4.962465465068817139e-01
3.473450286015000194e+06 6.866524906483000144e+06 5.719578862190246582e-01
3.247343676061000209e+06 6.710998961834999733e+06 7.999603748321533203e-01
3.258585950885000173e+06 6.904228646298999898e+06 6.256352663040161133e-01
3.486965511194000021e+06 7.078284367651999928e+06 0.000000000000000000e+00
3.254193052066999953e+06 6.942449816124999896e+06 4.412722885608673096e-01
3.261153519636999816e+06 6.895491610755000263e+06 5.341747999191284180e-01
3.535870664408000186e+06 6.894250969689000398e+06 7.144269347190856934e-01
3.538982296620999929e+06 6.963958490736999549e+06 6.225821971893310547e-01
3.413897216703999788e+06 6.828620293700000271e+06 5.900957584381103516e-01
3.280137999741000123e+06 7.014313361352000386e+06 4.671141505241394043e-01
3.408460437342000194e+06 6.791954638640999794e+06 8.001155853271484375e-01
3.606453764636000153e+06 6.863865910814000294e+06 6.583519577980041504e-01
3.453891008876000065e+06 6.815136984501999803e+06 4.922374188899993896e-01
3.337817593956999946e+06 7.004137106362000108e+06 5.100402235984802246e-01
3.680948143511999864e+06 6.964444918525000103e+06 5.952401161193847656e-01
3.650516770423999988e+06 6.973730995992000215e+06 5.493500232696533203e-01
3.258474900024000090e+06 6.686042807160000317e+06 4.890658557415008545e-01
3.375003148885000031e+06 7.125901767664999701e+06 5.846606492996215820e-01
3.254202492430000100e+06 6.755657198633999564e+06 6.552289128303527832e-01
3.712366894969000015e+06 6.979784797331999987e+06 0.000000000000000000e+00
3.644730531975000165e+06 7.043878050324999727e+06 6.249879598617553711e-01
3.263609086327000055e+06 6.827136040763000026e+06 6.031849980354309082e-01
3.477383590661999770e+06 7.133367451791999862e+06 5.165265798568725586e-01
3.225894552223999985e+06 6.861850697186999954e+06 5.405092239379882812e-01
3.641573386905000079e+06 6.870669593418000266e+06 5.382107496261596680e-01
3.608701540659999941e+06 6.946718035431999713e+06 5.201497673988342285e-01
3.410800610183999874e+06 7.150323896449999884e+06 5.310977697372436523e-01
3.330054066081000026e+06 6.674657650019000284e+06 7.424312829971313477e-01
3.325903972469999921e+06 6.903506903231999837e+06 5.106658339500427246e-01
3.649797235969000030e+06 6.943245195702999830e+06 6.633999943733215332e-01
3.294063144197000191e+06 7.066463329528000206e+06 5.306861996650695801e-01
3.270102294180000201e+06 6.833210518029999919e+06 5.490728616714477539e-01
3.254515918752999976e+06 6.985523885534999892e+06 4.784243106842041016e-01
3.380410802840999793e+06 6.727233071593999863e+06 6.953046917915344238e-01
3.598860903568999842e+06 7.032787759910999797e+06 4.821252822875976562e-01
3.317510241065000184e+06 7.034872662073999643e+06 5.337808728218078613e-01
3.311141948849999812e+06 6.929630910481000319e+06 5.089977979660034180e-01
3.625498361299999990e+06 6.926400629019999877e+06 6.080425977706909180e-01
3.383614380491000134e+06 6.833597964627999812e+06 5.752557516098022461e-01
3.506418777329999954e+06 6.976843794920999557e+06 7.090733051300048828e-01
3.402894723166000098e+06 6.851474498557000421e+06 5.088160037994384766e-01
3.418624892475000117e+06 7.076136941385000013e+06 4.528888463973999023e-01
3.636634644929000176e+06 7.162838105173000135e+06 5.822432041168212891e-01
3.505090508237000089e+06 6.833871190089999698e+06 6.953717470169067383e-01
3.707858112594000064e+06 6.958816203851000406e+06 0.000000000000000000e+00
3.485660432134000119e+06 6.987264081925000064e+06 5.601946711540222168e-01
3.673218088692000136e+06 6.974215636858999729e+06 0.000000000000000000e+00
3.568552808383999858e+06 7.005937426516000181e+06 0.000000000000000000e+00
3.384102547092000023e+06 6.732930869439000264e+06 6.846011281013488770e-01
3.370115035304000136e+06 6.723056909873999655e+06 6.942523717880249023e-01
3.583283654370999895e+06 7.148420250785999931e+06 0.000000000000000000e+00
3.286108708769000135e+06 7.007514749943999574e+06 5.068758726119995117e-01
3.569354919358999934e+06 6.995940294765999541e+06 6.595796942710876465e-01
3.261823149799999781e+06 6.722774187268000096e+06 6.152899265289306641e-01
3.474007043002999853e+06 7.062610389364999719e+06 6.950442790985107422e-01
3.456294439464999828e+06 6.702836269154000096e+06 4.101199805736541748e-01
3.478558717366000172e+06 7.128359704477000050e+06 5.290873646736145020e-01
3.596103604871000163e+06 6.852664475542999804e+06 6.727592349052429199e-01
3.338016078662000131e+06 6.757648828572000377e+06 5.517311096191406250e-01
3.506818189900000114e+06 7.050616149252000265e+06 5.649126172065734863e-01
3.398755746226999909e+06 6.793191996485999785e+06 8.171567916870117188e-01
3.324495825515000150e+06 6.790480594866000116e+06 6.053438186645507812e-01
3.566979933554000221e+06 7.075867808822000399e+06 0.000000000000000000e+00
3.323941271408000030e+06 6.764528627697000280e+06 6.821460127830505371e-01
3.221498384273000062e+06 6.803689613506999798e+06 0.000000000000000000e+00
3.460994668686999939e+06 7.142685394348000176e+06 5.149043798446655273e-01
3.438185758189000189e+06 7.114351076384999789e+06 6.735629439353942871e-01
3.590056782372999936e+06 7.122442075570999645e+06 0.000000000000000000e+00
3.363519054982000031e+06 6.720412395201999694e+06 5.996216535568237305e-01
3.559681917673000135e+06 7.178508761575999670e+06 0.000000000000000000e+00
3.516016804845000152e+06 6.948186089579000138e+06 6.127233505249023438e-01
3.225003293289999943e+06 6.877754025280999951e+06 5.082098245620727539e-01
3.566793638859999832e+06 6.873782102735999972e+06 6.927874088287353516e-01
3.636107771627000067e+06 7.155386074830000289e+06 6.036701202392578125e-01
3.685359726577000227e+06 7.012698319214999676e+06 0.000000000000000000e+00
3.213426277693999931e+06 6.978906848056999967e+06 5.179532170295715332e-01
3.460478107503999956e+06 7.151680192072999664e+06 6.367260217666625977e-01
3.331093606600000057e+06 6.836123817768000066e+06 5.904283523559570312e-01
3.459706022239000071e+06 6.778316893649999984e+06 5.966705679893493652e-01
3.433767024075000081e+06 6.836209870985000394e+06 5.433883666992187500e-01
3.563064537469000090e+06 7.083025830936999992e+06 5.536549687385559082e-01
3.407598150969999842e+06 7.139342360597999766e+06 6.407687067985534668e-01
3.470077141137000173e+06 6.951463642571000382e+06 0.000000000000000000e+00
3.376459000140999909e+06 6.932829782712999731e+06 5.795213580131530762e-01
3.481319339993999805e+06 6.789518903777999803e+06 4.183874726295471191e-01
3.522321570997999981e+06 6.975993929317000322e+06 0.000000000000000000e+00
3.286190022739000153e+06 6.896526678616000339e+06 0.000000000000000000e+00
3.454669421682999935e+06 6.916145340657000430e+06 4.955033659934997559e-01
3.214196249464999884e+06 6.846445785314000212e+06 5.152868032455444336e-01
3.246919379906999879e+06 6.995634794564000331e+06 5.353739261627197266e-01
3.615785691207000054e+06 7.001505907860999927e+06 0.000000000000000000e+00
3.355532572670000140e+06 6.754050428794000298e+06 5.759294033050537109e-01
3.397388894925000146e+06 7.090629398292999715e+06 4.669182896614074707e-01
3.527117358901000116e+06 6.959417390429999679e+06 5.469644665718078613e-01
3.541161863479000051e+06 6.862135782004999928e+06 7.189391851425170898e-01
3.287263280406000093e+06 6.799158752910000272e+06 6.700639128684997559e-01
3.481783058279000223e+06 6.820435062044999562e+06 6.160047650337219238e-01
3.221190189793999773e+06 6.830259743959999643e+06 0.000000000000000000e+00
3.454477361852999777e+06 6.762784933282000013e+06 4.241659641265869141e-01
3.354676208730999846e+06 6.896414652196999639e+06 4.351819753646850586e-01
3.283106659382999875e+06 6.832243157499999739e+06 5.628418326377868652e-01
3.504755479427000042e+06 6.848787434770000167e+06 6.892112493515014648e-01
3.421162993536000140e+06 7.056653786952000111e+06 4.762388169765472412e-01
3.633517318200000096e+06 6.993656748410999775e+06 6.515331268310546875e-01
3.223151684446999803e+06 6.684950151637000032e+06 6.784442067146301270e-01
3.325538554146000184e+06 6.813789626454999670e+06 6.075951457023620605e-01
3.442286275621000212e+06 6.956074395099000074e+06 5.813797116279602051e-01
3.452710987555999774e+06 6.872219449400999583e+06 5.716184377670288086e-01
3.375285174904999789e+06 7.120990574513999745e+06 5.537906885147094727e-01
3.597239724225000013e+06 6.793046264682999812e+06 6.526038050651550293e-01
3.284073388848999981e+06 6.819207646430999972e+06 0.000000000000000000e+00
3.365335520986999851e+06 6.796328032682999969e+06 5.440920591354370117e-01
3.338319656305000186e+06 6.956327011191000231e+06 5.375841259956359863e-01
3.487328465838000178e+06 6.790781597365000285e+06 4.009628593921661377e-01
3.309982139053999912e+06 7.029790120020000264e+06 5.531827807426452637e-01
3.287428993081999943e+06 6.978515059903999791e+06 5.222504734992980957e-01
3.664406259467000142e+06 6.934508058535000309e+06 6.181730628013610840e-01
3.594108346934999805e+06 6.779625668647999875e+06 6.621141433715820312e-01
3.301505981769000180e+06 6.771517321391999722e+06 6.963393688201904297e-01
3.521905852299000137e+06 7.001703811385000125e+06 6.130738258361816406e-01
3.588322690235999878e+06 7.031105273707999848e+06 5.568974614143371582e-01
3.300118294873999897e+06 6.986366880894999951e+06 7.306028604507446289e-01
3.475245673311999999e+06 7.090276471466000192e+06 6.332075595855712891e-01
3.642082542150000110e+06 7.051707089904000051e+06 6.067100167274475098e-01
3.291685901912999805e+06 7.028625781469999813e+06 4.672421216964721680e-01
3.364060800106999930e+06 7.110480033483999781e+06 4.467770159244537354e-01
3.213246834431000054e+06 6.863159888605999760e+06 5.175087451934814453e-01
3.639209783902999945e+06 7.029604264045000076e+06 5.221064090728759766e-01
3.599620441161999945e+06 7.047141437265000306e+06 5.164802670478820801e-01
3.558567628622000106e+06 6.887546849767999724e+06 8.396182656288146973e-01
3.595811491009999998e+06 7.104749392799999565e+06 6.032649874687194824e-01
3.281159288009999786e+06 6.876962065984999761e+06 6.163350343704223633e-01
3.336690275111999828e+06 7.043141932171000168e+06 4.959134459495544434e-01
3.622077254097000230e+06 6.827849578665999696e+06 6.811111569404602051e-01
3.654241765769999940e+06 6.994305305158999749e+06 5.913332104682922363e-01
3.529164824814000167e+06 6.967167073607999831e+06 6.136721372604370117e-01
3.295855590603999794e+06 6.909490203224999830e+06 4.559194445610046387e-01
3.317419259624000173e+06 6.774784109349000268e+06 6.279413104057312012e-01
3.336821889134000055e+06 6.760116024840000086e+06 5.990301370620727539e-01
3.587164245037000161e+06 7.093407446205000393e+06 5.715149044990539551e-01
3.646815443289999850e+06 7.106353053768999875e+06 5.834986567497253418e-01
3.289201317846000195e+06 6.979746666004999541e+06 4.980317056179046631e-01
3.461319043570000213e+06 6.816790119630999863e+06 5.976541042327880859e-01
3.374121918027000036e+06 6.805537159308999777e+06 6.172086000442504883e-01
3.251383752383999992e+06 6.906217622042000294e+06 4.115735888481140137e-01
3.353425149695000146e+06 6.816616524290000089e+06 5.943667888641357422e-01
3.532286285050999839e+06 6.934170701666999608e+06 7.511024475097656250e-01
3.265306400096000172e+06 6.744089079036000185e+06 5.222604274749755859e-01
3.233796828275000211e+06 6.797263661352000199e+06 0.000000000000000000e+00
3.368540591124000028e+06 6.954223706172999926e+06 5.613805651664733887e-01
3.269210314660999924e+06 6.874528202956999652e+06 5.286434888839721680e-01
3.380704013687999919e+06 7.027927864252000116e+06 5.217084884643554688e-01
3.312807976873999927e+06 7.083852512422000058e+06 5.292160511016845703e-01
3.383100197980000172e+06 6.723284166543000378e+06 5.668917298316955566e-01
